           x [cm]           y [cm]           z [cm]       ExRe [V/m]       ExIm [V/m]       EyRe [V/m]       EyIm [V/m]       EzRe [V/m]       EzIm [V/m]
---------------------------------------------------------------------------------------------------------------------------------------------------------
                0         3.150315         0.324218                0                0                0                0                0                0
                0         3.150315         0.972654                0                0                0                0                0                0
                0         3.150315          1.62109                0                0                0                0                0                0
                0         3.150315         2.269526                0                0                0                0                0                0
                0         3.150315         2.917962                0                0                0                0                0                0
                0         3.150315         3.566398                0                0                0                0                0                0
                0         3.150315         4.214834                0                0                0                0                0                0
                0         3.150315          4.86327                0                0                0                0                0                0
                0         3.150315         5.511706                0                0                0                0                0                0
                0         3.150315         6.160142                0                0                0                0                0                0
                0         3.150315         6.808578                0                0                0                0                0                0
                0         3.150315         7.457014                0                0                0                0                0                0
                0         3.150315          8.10545                0                0                0                0                0                0
                0         3.150315         8.753886                0                0                0                0                0                0
                0         3.150315         9.402322                0                0                0                0                0                0
                0         3.150315        10.050758        2963.6377                0         -1707335                0        137337.64                0
                0         3.150315        10.699194        54129.902                0       -2162900.8                0        3564805.2                0
                0         3.150315         11.34763       -13057.533                0        454771.53                0          4642216                0
                0         3.150315        11.996066        -3530.812                0        1857653.5                0        4091367.5                0
                0         3.150315        12.644502        6993.4424                0          2348237                0          3379045                0
                0         3.150315        13.292938        5003.0337                0        2392853.2                0        2850829.5                0
                0         3.150315        13.941374       -2443.4819                0        2091955.2                0        2468162.5                0
                0         3.150315         14.58981        1568.6127                0        1642566.4                0          2225152                0
                0         3.150315        15.238246        7755.4907                0        1018451.5                0          2077906                0
                0         3.150315        15.886682       -8046.1387                0        365093.25                0          2013596                0
                0         3.150315        16.535118        6845.7402                0       -367690.62                0        2012607.8                0
                0         3.150315        17.183554       -4797.6748                0       -1011628.2                0        2084222.5                0
                0         3.150315         17.83199        2851.5464                0       -1649886.1                0          2231907                0
                0         3.150315        18.480426       -7099.7817                0       -2089657.2                0        2467729.2                0
                0         3.150315        19.128862        10268.651                0         -2398798                0          2857973                0
                0         3.150315        19.777298       -1258.6582                0       -2351725.5                0          3378290                0
                0         3.150315        20.425734       -5340.5918                0       -1844712.2                0        4077860.2                0
                0         3.150315         21.07417       -6146.6763                0       -440870.75                0          4647479                0
                0         3.150315        21.722606        -27046.65                0          2185520                0        3591689.8                0
                0         3.150315        22.371042        19230.471                0        1775881.2                0        148471.72                0
                0         3.150315        23.019478                0                0                0                0                0                0
                0         3.150315        23.667914                0                0                0                0                0                0
                0         3.150315         24.31635                0                0                0                0                0                0
                0         3.150315        24.964786                0                0                0                0                0                0
                0         3.150315        25.613222                0                0                0                0                0                0
                0         3.150315        26.261658                0                0                0                0                0                0
                0         3.150315        26.910094                0                0                0                0                0                0
                0         3.150315         27.55853                0                0                0                0                0                0
                0         3.150315        28.206966                0                0                0                0                0                0
                0         3.150315        28.855402                0                0                0                0                0                0
                0         3.150315        29.503838                0                0                0                0                0                0
                0         3.150315        30.152274                0                0                0                0                0                0
                0         3.150315         30.80071                0                0                0                0                0                0
                0         3.150315        31.449146                0                0                0                0                0                0
                0         3.150315        32.097582                0                0                0                0                0                0
                0         3.150315        32.746018                0                0                0                0                0                0
