           x [cm]           y [cm]           z [cm]       ExRe [V/m]       ExIm [V/m]       EyRe [V/m]       EyIm [V/m]       EzRe [V/m]       EzIm [V/m]
---------------------------------------------------------------------------------------------------------------------------------------------------------
                0         3.150315         0.324218                0                0                0                0                0                0
                0         3.150315         0.972654                0                0                0                0                0                0
                0         3.150315          1.62109                0                0                0                0                0                0
                0         3.150315         2.269526                0                0                0                0                0                0
                0         3.150315         2.917962                0                0                0                0                0                0
                0         3.150315         3.566398                0                0                0                0                0                0
                0         3.150315         4.214834                0                0                0                0                0                0
                0         3.150315          4.86327                0                0                0                0                0                0
                0         3.150315         5.511706                0                0                0                0                0                0
                0         3.150315         6.160142                0                0                0                0                0                0
                0         3.150315         6.808578                0                0                0                0                0                0
                0         3.150315         7.457014                0                0                0                0                0                0
                0         3.150315          8.10545                0                0                0                0                0                0
                0         3.150315         8.753886                0                0                0                0                0                0
                0         3.150315         9.402322                0                0                0                0                0                0
                0         3.150315        10.050758       -769.71399                0          4745863                0       -397986.91                0
                0         3.150315        10.699194       -77473.875                0        5009129.5                0       -6609869.5                0
                0         3.150315         11.34763        30964.459                0        1687259.8                0         -7779179                0
                0         3.150315        11.996066       -407.07654                0        178465.97                0       -7266861.5                0
                0         3.150315        12.644502       -3817.2783                0       -398509.72                0         -6580832                0
                0         3.150315        13.292938       -4980.3281                0       -623101.25                0         -6010445                0
                0         3.150315        13.941374        1324.7433                0       -593399.69                0         -5545864                0
                0         3.150315         14.58981       -1719.0645                0       -502993.81                0         -5203650                0
                0         3.150315        15.238246       -1413.1547                0       -305238.06                0       -4981216.5                0
                0         3.150315        15.886682        10758.273                0       -123845.05                0         -4871113                0
                0         3.150315        16.535118        15111.821                0        123443.86                0         -4871184                0
                0         3.150315        17.183554       -2171.5771                0        298547.22                0       -4985827.5                0
                0         3.150315         17.83199        4554.8711                0        511844.84                0         -5215516                0
                0         3.150315        18.480426        414.04309                0        592254.69                0         -5546042                0
                0         3.150315        19.128862       -7729.8794                0        626289.88                0         -6018941                0
                0         3.150315        19.777298       -2965.7891                0        401434.16                0         -6584161                0
                0         3.150315        20.425734        3825.2852                0       -194456.16                0         -7258859                0
                0         3.150315         21.07417        11374.588                0       -1704884.2                0       -7792867.5                0
                0         3.150315        21.722606        32492.133                0         -5039048                0       -6656531.5                0
                0         3.150315        22.371042       -32852.422                0         -4880571                0        -420584.5                0
                0         3.150315        23.019478                0                0                0                0                0                0
                0         3.150315        23.667914                0                0                0                0                0                0
                0         3.150315         24.31635                0                0                0                0                0                0
                0         3.150315        24.964786                0                0                0                0                0                0
                0         3.150315        25.613222                0                0                0                0                0                0
                0         3.150315        26.261658                0                0                0                0                0                0
                0         3.150315        26.910094                0                0                0                0                0                0
                0         3.150315         27.55853                0                0                0                0                0                0
                0         3.150315        28.206966                0                0                0                0                0                0
                0         3.150315        28.855402                0                0                0                0                0                0
                0         3.150315        29.503838                0                0                0                0                0                0
                0         3.150315        30.152274                0                0                0                0                0                0
                0         3.150315         30.80071                0                0                0                0                0                0
                0         3.150315        31.449146                0                0                0                0                0                0
                0         3.150315        32.097582                0                0                0                0                0                0
                0         3.150315        32.746018                0                0                0                0                0                0
