           x [cm]           y [cm]           z [cm]       ExRe [V/m]       ExIm [V/m]       EyRe [V/m]       EyIm [V/m]       EzRe [V/m]       EzIm [V/m]
---------------------------------------------------------------------------------------------------------------------------------------------------------
                0         3.150315         0.324218                0                0                0                0                0                0
                0         3.150315         0.972654                0                0                0                0                0                0
                0         3.150315          1.62109                0                0                0                0                0                0
                0         3.150315         2.269526                0                0                0                0                0                0
                0         3.150315         2.917962                0                0                0                0                0                0
                0         3.150315         3.566398                0                0                0                0                0                0
                0         3.150315         4.214834                0                0                0                0                0                0
                0         3.150315          4.86327                0                0                0                0                0                0
                0         3.150315         5.511706                0                0                0                0                0                0
                0         3.150315         6.160142                0                0                0                0                0                0
                0         3.150315         6.808578                0                0                0                0                0                0
                0         3.150315         7.457014                0                0                0                0                0                0
                0         3.150315          8.10545                0                0                0                0                0                0
                0         3.150315         8.753886                0                0                0                0                0                0
                0         3.150315         9.402322                0                0                0                0                0                0
                0         3.150315        10.050758       -1657.1853                0        6560986.5                0       -548251.38                0
                0         3.150315        10.699194       -113042.54                0          7182299                0         -9451125                0
                0         3.150315         11.34763        44458.594                0        2639167.2                0        -11323544                0
                0         3.150315        11.996066         18.41687                0        701476.62                0        -10850460                0
                0         3.150315        12.644502       -2269.3091                0        12155.141                0        -10198582                0
                0         3.150315        13.292938       -6276.5898                0       -259794.19                0         -9721695                0
                0         3.150315        13.941374        478.76608                0       -277520.81                0         -9377862                0
                0         3.150315         14.58981       -2152.5706                0       -249952.38                0         -9151102                0
                0         3.150315        15.238246       -591.03345                0       -150323.62                0         -9013659                0
                0         3.150315        15.886682        4043.2026                0       -61878.355                0         -8948964                0
                0         3.150315        16.535118        6373.1831                0        61199.309                0         -8948998                0
                0         3.150315        17.183554       -2087.8459                0        145084.09                0         -9016663                0
                0         3.150315         17.83199        2160.5955                0        254538.28                0         -9157247                0
                0         3.150315        18.480426       -1332.8126                0        274725.09                0         -9377318                0
                0         3.150315        19.128862        -4558.416                0        263149.25                0         -9728714                0
                0         3.150315        19.777298        -4367.522                0       -9043.2031                0        -10199613                0
                0         3.150315        20.425734        5197.0825                0       -722615.62                0        -10834706                0
                0         3.150315         21.07417        14520.469                0       -2663873.5                0        -11340090                0
                0         3.150315        21.722606        47563.246                0         -7223943                0         -9516382                0
                0         3.150315        22.371042       -47273.098                0         -6750220                0          -579805                0
                0         3.150315        23.019478                0                0                0                0                0                0
                0         3.150315        23.667914                0                0                0                0                0                0
                0         3.150315         24.31635                0                0                0                0                0                0
                0         3.150315        24.964786                0                0                0                0                0                0
                0         3.150315        25.613222                0                0                0                0                0                0
                0         3.150315        26.261658                0                0                0                0                0                0
                0         3.150315        26.910094                0                0                0                0                0                0
                0         3.150315         27.55853                0                0                0                0                0                0
                0         3.150315        28.206966                0                0                0                0                0                0
                0         3.150315        28.855402                0                0                0                0                0                0
                0         3.150315        29.503838                0                0                0                0                0                0
                0         3.150315        30.152274                0                0                0                0                0                0
                0         3.150315         30.80071                0                0                0                0                0                0
                0         3.150315        31.449146                0                0                0                0                0                0
                0         3.150315        32.097582                0                0                0                0                0                0
                0         3.150315        32.746018                0                0                0                0                0                0
