           x [cm]           y [cm]           z [cm]       ExRe [V/m]       ExIm [V/m]       EyRe [V/m]       EyIm [V/m]       EzRe [V/m]       EzIm [V/m]
---------------------------------------------------------------------------------------------------------------------------------------------------------
                0         3.150315         0.324218                0                0                0                0                0                0
                0         3.150315         0.972654                0                0                0                0                0                0
                0         3.150315          1.62109                0                0                0                0                0                0
                0         3.150315         2.269526                0                0                0                0                0                0
                0         3.150315         2.917962                0                0                0                0                0                0
                0         3.150315         3.566398                0                0                0                0                0                0
                0         3.150315         4.214834                0                0                0                0                0                0
                0         3.150315          4.86327                0                0                0                0                0                0
                0         3.150315         5.511706                0                0                0                0                0                0
                0         3.150315         6.160142                0                0                0                0                0                0
                0         3.150315         6.808578                0                0                0                0                0                0
                0         3.150315         7.457014                0                0                0                0                0                0
                0         3.150315          8.10545                0                0                0                0                0                0
                0         3.150315         8.753886                0                0                0                0                0                0
                0         3.150315         9.402322                0                0                0                0                0                0
                0         3.150315        10.050758       -660.47925                0          3880915                0       -326017.66                0
                0         3.150315        10.699194       -63655.273                0        3969745.2                0       -5409299.5                0
                0         3.150315         11.34763        26485.938                0        946196.75                0       -6324344.5                0
                0         3.150315        11.996066       -1533.8818                0       -640378.75                0         -5692906                0
                0         3.150315        12.644502       -2612.0967                0       -1440597.9                0         -4791856                0
                0         3.150315        13.292938       -2002.6906                0       -1917342.6                0       -3893744.5                0
                0         3.150315        13.941374        3829.4189                0         -2164561                0         -3002956                0
                0         3.150315         14.58981        1338.6654                0       -2329726.2                0         -2130257                0
                0         3.150315        15.238246        -1111.288                0       -2406128.2                0       -1275860.5                0
                0         3.150315        15.886682       -2542.6941                0       -2454460.2                0       -420642.53                0
                0         3.150315        16.535118        5953.7554                0         -2454284                0           424236                0
                0         3.150315        17.183554       -1269.8976                0       -2408511.8                0        1280241.6                0
                0         3.150315         17.83199        1227.8931                0         -2334201                0        2135513.2                0
                0         3.150315        18.480426       -2861.2458                0         -2164145                0        3005425.5                0
                0         3.150315        19.128862        3368.2617                0       -1919851.9                0          3902099                0
                0         3.150315        19.777298        682.14032                0       -1442107.2                0          4796496                0
                0         3.150315        20.425734       -4138.2896                0       -626801.25                0        5687782.5                0
                0         3.150315         21.07417        -10947.27                0           963019                0          6336608                0
                0         3.150315        21.722606       -26507.533                0          3995720                0        5448137.5                0
                0         3.150315        22.371042        27137.445                0        3992756.5                0        344808.31                0
                0         3.150315        23.019478                0                0                0                0                0                0
                0         3.150315        23.667914                0                0                0                0                0                0
                0         3.150315         24.31635                0                0                0                0                0                0
                0         3.150315        24.964786                0                0                0                0                0                0
                0         3.150315        25.613222                0                0                0                0                0                0
                0         3.150315        26.261658                0                0                0                0                0                0
                0         3.150315        26.910094                0                0                0                0                0                0
                0         3.150315         27.55853                0                0                0                0                0                0
                0         3.150315        28.206966                0                0                0                0                0                0
                0         3.150315        28.855402                0                0                0                0                0                0
                0         3.150315        29.503838                0                0                0                0                0                0
                0         3.150315        30.152274                0                0                0                0                0                0
                0         3.150315         30.80071                0                0                0                0                0                0
                0         3.150315        31.449146                0                0                0                0                0                0
                0         3.150315        32.097582                0                0                0                0                0                0
                0         3.150315        32.746018                0                0                0                0                0                0
