           x [cm]           y [cm]           z [cm]       ExRe [V/m]       ExIm [V/m]       EyRe [V/m]       EyIm [V/m]       EzRe [V/m]       EzIm [V/m]
---------------------------------------------------------------------------------------------------------------------------------------------------------
                0         3.150315         0.324218                0                0                0                0                0                0
                0         3.150315         0.972654                0                0                0                0                0                0
                0         3.150315          1.62109                0                0                0                0                0                0
                0         3.150315         2.269526                0                0                0                0                0                0
                0         3.150315         2.917962                0                0                0                0                0                0
                0         3.150315         3.566398                0                0                0                0                0                0
                0         3.150315         4.214834                0                0                0                0                0                0
                0         3.150315          4.86327                0                0                0                0                0                0
                0         3.150315         5.511706                0                0                0                0                0                0
                0         3.150315         6.160142                0                0                0                0                0                0
                0         3.150315         6.808578                0                0                0                0                0                0
                0         3.150315         7.457014                0                0                0                0                0                0
                0         3.150315          8.10545                0                0                0                0                0                0
                0         3.150315         8.753886                0                0                0                0                0                0
                0         3.150315         9.402322                0                0                0                0                0                0
                0         3.150315        10.050758       -1974.6885                0       -3780163.2                0        322194.84                0
                0         3.150315        10.699194        34875.617                0       -3765244.5                0          4059745                0
                0         3.150315         11.34763       -4533.4463                0         -2996099                0        4646976.5                0
                0         3.150315        11.996066        922.17926                0       -3008138.5                0          5487634                0
                0         3.150315        12.644502        4906.5488                0       -2972010.5                0        6601143.5                0
                0         3.150315        13.292938       -2462.7666                0       -2735881.2                0          7722038                0
                0         3.150315        13.941374       -4534.5107                0         -2319517                0          8729628                0
                0         3.150315         14.58981       -6492.1963                0       -1763966.8                0          9545121                0
                0         3.150315        15.238246         7188.083                0       -1096064.4                0         10118862                0
                0         3.150315        15.886682       -12239.956                0       -381399.69                0         10397918                0
                0         3.150315        16.535118         17108.08                0        379827.09                0         10396129                0
                0         3.150315        17.183554       -16322.299                0        1094061.1                0         10103679                0
                0         3.150315         17.83199        8135.3467                0        1767987.1                0          9536956                0
                0         3.150315        18.480426       -7902.3936                0        2317972.8                0          8721938                0
                0         3.150315        19.128862        4211.2622                0        2738498.5                0          7716593                0
                0         3.150315        19.777298       -1785.2164                0        2974334.2                0        6596663.5                0
                0         3.150315        20.425734        2837.4717                0        3014412.5                0          5486359                0
                0         3.150315         21.07417        963.99408                0          2990035                0          4643025                0
                0         3.150315        21.722606       -14587.505                0        3768083.8                0          4081560                0
                0         3.150315        22.371042        17858.119                0          3859998                0        336416.03                0
                0         3.150315        23.019478                0                0                0                0                0                0
                0         3.150315        23.667914                0                0                0                0                0                0
                0         3.150315         24.31635                0                0                0                0                0                0
                0         3.150315        24.964786                0                0                0                0                0                0
                0         3.150315        25.613222                0                0                0                0                0                0
                0         3.150315        26.261658                0                0                0                0                0                0
                0         3.150315        26.910094                0                0                0                0                0                0
                0         3.150315         27.55853                0                0                0                0                0                0
                0         3.150315        28.206966                0                0                0                0                0                0
                0         3.150315        28.855402                0                0                0                0                0                0
                0         3.150315        29.503838                0                0                0                0                0                0
                0         3.150315        30.152274                0                0                0                0                0                0
                0         3.150315         30.80071                0                0                0                0                0                0
                0         3.150315        31.449146                0                0                0                0                0                0
                0         3.150315        32.097582                0                0                0                0                0                0
                0         3.150315        32.746018                0                0                0                0                0                0
