           x [cm]           y [cm]           z [cm]       ExRe [V/m]       ExIm [V/m]       EyRe [V/m]       EyIm [V/m]       EzRe [V/m]       EzIm [V/m]
---------------------------------------------------------------------------------------------------------------------------------------------------------
                0         3.150315         0.324218                0                0                0                0                0                0
                0         3.150315         0.972654                0                0                0                0                0                0
                0         3.150315          1.62109                0                0                0                0                0                0
                0         3.150315         2.269526                0                0                0                0                0                0
                0         3.150315         2.917962                0                0                0                0                0                0
                0         3.150315         3.566398                0                0                0                0                0                0
                0         3.150315         4.214834                0                0                0                0                0                0
                0         3.150315          4.86327                0                0                0                0                0                0
                0         3.150315         5.511706                0                0                0                0                0                0
                0         3.150315         6.160142                0                0                0                0                0                0
                0         3.150315         6.808578                0                0                0                0                0                0
                0         3.150315         7.457014                0                0                0                0                0                0
                0         3.150315          8.10545                0                0                0                0                0                0
                0         3.150315         8.753886                0                0                0                0                0                0
                0         3.150315         9.402322                0                0                0                0                0                0
                0         3.150315        10.050758        1146.3558                0       -1201503.6                0        97404.117                0
                0         3.150315        10.699194        29432.316                0       -1535716.4                0          2108212                0
                0         3.150315         11.34763       -7150.0815                0       -436929.88                0        2664461.8                0
                0         3.150315        11.996066       -555.61438                0        10899.184                0          2508719                0
                0         3.150315        12.644502        2758.2061                0        125794.33                0        2315874.5                0
                0         3.150315        13.292938        993.69788                0        139343.11                0        2194926.8                0
                0         3.150315        13.941374       -1681.4083                0        112322.81                0          2125436                0
                0         3.150315         14.58981        65.276939                0        78192.047                0        2090770.8                0
                0         3.150315        15.238246        1391.0634                0        44395.453                0        2074558.8                0
                0         3.150315        15.886682       -9498.6709                0        15323.453                0        2068551.8                0
                0         3.150315        16.535118        -10924.16                0       -13663.533                0        2066529.8                0
                0         3.150315        17.183554       -1727.7124                0       -48111.863                0        2071590.9                0
                0         3.150315         17.83199       -2139.4731                0       -79031.766                0        2092780.5                0
                0         3.150315        18.480426       -3337.8872                0       -110790.03                0        2125275.2                0
                0         3.150315        19.128862        4209.9648                0       -141768.28                0        2197628.2                0
                0         3.150315        19.777298       -940.61584                0       -126633.75                0        2316630.2                0
                0         3.150315        20.425734       -2708.4497                0       -5531.1826                0          2504868                0
                0         3.150315         21.07417       -2971.7471                0        442820.59                0        2668868.5                0
                0         3.150315        21.722606       -14410.593                0        1548329.9                0        2125413.2                0
                0         3.150315        22.371042        11299.218                0        1243732.2                0        104410.27                0
                0         3.150315        23.019478                0                0                0                0                0                0
                0         3.150315        23.667914                0                0                0                0                0                0
                0         3.150315         24.31635                0                0                0                0                0                0
                0         3.150315        24.964786                0                0                0                0                0                0
                0         3.150315        25.613222                0                0                0                0                0                0
                0         3.150315        26.261658                0                0                0                0                0                0
                0         3.150315        26.910094                0                0                0                0                0                0
                0         3.150315         27.55853                0                0                0                0                0                0
                0         3.150315        28.206966                0                0                0                0                0                0
                0         3.150315        28.855402                0                0                0                0                0                0
                0         3.150315        29.503838                0                0                0                0                0                0
                0         3.150315        30.152274                0                0                0                0                0                0
                0         3.150315         30.80071                0                0                0                0                0                0
                0         3.150315        31.449146                0                0                0                0                0                0
                0         3.150315        32.097582                0                0                0                0                0                0
                0         3.150315        32.746018                0                0                0                0                0                0
