           x [cm]           y [cm]           z [cm]       ExRe [V/m]       ExIm [V/m]       EyRe [V/m]       EyIm [V/m]       EzRe [V/m]       EzIm [V/m]
---------------------------------------------------------------------------------------------------------------------------------------------------------
                0         3.150315         0.324218                0                0                0                0                0                0
                0         3.150315         0.972654                0                0                0                0                0                0
                0         3.150315          1.62109                0                0                0                0                0                0
                0         3.150315         2.269526                0                0                0                0                0                0
                0         3.150315         2.917962                0                0                0                0                0                0
                0         3.150315         3.566398                0                0                0                0                0                0
                0         3.150315         4.214834                0                0                0                0                0                0
                0         3.150315          4.86327                0                0                0                0                0                0
                0         3.150315         5.511706                0                0                0                0                0                0
                0         3.150315         6.160142                0                0                0                0                0                0
                0         3.150315         6.808578                0                0                0                0                0                0
                0         3.150315         7.457014                0                0                0                0                0                0
                0         3.150315          8.10545                0                0                0                0                0                0
                0         3.150315         8.753886                0                0                0                0                0                0
                0         3.150315         9.402322                0                0                0                0                0                0
                0         3.150315        10.050758        1715.2357                0         -1968708                0        159744.66                0
                0         3.150315        10.699194        46953.789                0       -2454816.5                0        3362899.8                0
                0         3.150315         11.34763       -14145.525                0          -594941                0        4117042.5                0
                0         3.150315        11.996066       -822.97302                0        182547.06                0        3576177.5                0
                0         3.150315        12.644502        6623.9321                0        356576.44                0        2886035.5                0
                0         3.150315        13.292938        5234.3491                0        340660.22                0          2278727                0
                0         3.150315        13.941374       -319.44879                0        233970.48                0        1720306.8                0
                0         3.150315         14.58981        7770.2881                0        140752.06                0          1215041                0
                0         3.150315        15.238246        6173.2285                0        61320.535                0        718017.31                0
                0         3.150315        15.886682       -1127.2788                0        18427.605                0        244014.62                0
                0         3.150315        16.535118        10055.011                0        14832.738                0       -244800.25                0
                0         3.150315        17.183554        6439.7212                0        59878.832                0       -717772.69                0
                0         3.150315         17.83199        5684.4072                0        142887.94                0         -1221472                0
                0         3.150315        18.480426        5359.2041                0        232476.52                0       -1723605.8                0
                0         3.150315        19.128862       -5403.5083                0        346134.75                0       -2287656.5                0
                0         3.150315        19.777298        2069.4294                0        360485.66                0         -2890977                0
                0         3.150315        20.425734        4878.4238                0        174112.88                0       -3572438.8                0
                0         3.150315         21.07417        6784.0845                0       -606022.31                0       -4128691.5                0
                0         3.150315        21.722606         22902.91                0       -2477377.8                0       -3392411.8                0
                0         3.150315        22.371042       -18091.451                0       -2038039.1                0       -171310.44                0
                0         3.150315        23.019478                0                0                0                0                0                0
                0         3.150315        23.667914                0                0                0                0                0                0
                0         3.150315         24.31635                0                0                0                0                0                0
                0         3.150315        24.964786                0                0                0                0                0                0
                0         3.150315        25.613222                0                0                0                0                0                0
                0         3.150315        26.261658                0                0                0                0                0                0
                0         3.150315        26.910094                0                0                0                0                0                0
                0         3.150315         27.55853                0                0                0                0                0                0
                0         3.150315        28.206966                0                0                0                0                0                0
                0         3.150315        28.855402                0                0                0                0                0                0
                0         3.150315        29.503838                0                0                0                0                0                0
                0         3.150315        30.152274                0                0                0                0                0                0
                0         3.150315         30.80071                0                0                0                0                0                0
                0         3.150315        31.449146                0                0                0                0                0                0
                0         3.150315        32.097582                0                0                0                0                0                0
                0         3.150315        32.746018                0                0                0                0                0                0
