           x [cm]           y [cm]           z [cm]       ExRe [V/m]       ExIm [V/m]       EyRe [V/m]       EyIm [V/m]       EzRe [V/m]       EzIm [V/m]
---------------------------------------------------------------------------------------------------------------------------------------------------------
                0         3.150315         0.324218                0                0                0                0                0                0
                0         3.150315         0.972654                0                0                0                0                0                0
                0         3.150315          1.62109                0                0                0                0                0                0
                0         3.150315         2.269526                0                0                0                0                0                0
                0         3.150315         2.917962                0                0                0                0                0                0
                0         3.150315         3.566398                0                0                0                0                0                0
                0         3.150315         4.214834                0                0                0                0                0                0
                0         3.150315          4.86327                0                0                0                0                0                0
                0         3.150315         5.511706                0                0                0                0                0                0
                0         3.150315         6.160142                0                0                0                0                0                0
                0         3.150315         6.808578                0                0                0                0                0                0
                0         3.150315         7.457014                0                0                0                0                0                0
                0         3.150315          8.10545                0                0                0                0                0                0
                0         3.150315         8.753886                0                0                0                0                0                0
                0         3.150315         9.402322                0                0                0                0                0                0
                0         3.150315        10.050758        -1192.272                0       -73062.133                0        7068.8301                0
                0         3.150315        10.699194       -9772.2383                0       -72336.938                0       -426428.78                0
                0         3.150315         11.34763        528.00867                0        -917742.5                0       -744766.75                0
                0         3.150315        11.996066        2892.8501                0         -1636335                0       -631712.12                0
                0         3.150315        12.644502       -1693.7876                0       -2150153.5                0       -445802.34                0
                0         3.150315        13.292938       -3103.7131                0       -2531629.5                0       -301909.44                0
                0         3.150315        13.941374       -1409.2241                0         -2812182                0       -192181.34                0
                0         3.150315         14.58981       -2397.1372                0       -3015045.5                0       -119753.48                0
                0         3.150315        15.238246        40.794052                0       -3148907.8                0       -61675.289                0
                0         3.150315        15.886682        728.21313                0         -3213054                0        -22339.34                0
                0         3.150315        16.535118       -2337.3208                0         -3212945                0        22607.773                0
                0         3.150315        17.183554        58.446114                0       -3149735.2                0        59104.441                0
                0         3.150315         17.83199       -4303.0366                0       -3016831.2                0        122185.89                0
                0         3.150315        18.480426        1146.7805                0         -2811698                0        191606.42                0
                0         3.150315        19.128862         2258.272                0         -2530082                0        302327.03                0
                0         3.150315        19.777298        1236.2958                0       -2150264.2                0        445573.34                0
                0         3.150315        20.425734       -259.04041                0         -1634210                0        628269.75                0
                0         3.150315         21.07417       -616.63733                0       -913248.81                0        746507.75                0
                0         3.150315        21.722606       -5230.5562                0       -66809.688                0        430918.56                0
                0         3.150315        22.371042        2390.7314                0        -65613.82                0       -6270.4521                0
                0         3.150315        23.019478                0                0                0                0                0                0
                0         3.150315        23.667914                0                0                0                0                0                0
                0         3.150315         24.31635                0                0                0                0                0                0
                0         3.150315        24.964786                0                0                0                0                0                0
                0         3.150315        25.613222                0                0                0                0                0                0
                0         3.150315        26.261658                0                0                0                0                0                0
                0         3.150315        26.910094                0                0                0                0                0                0
                0         3.150315         27.55853                0                0                0                0                0                0
                0         3.150315        28.206966                0                0                0                0                0                0
                0         3.150315        28.855402                0                0                0                0                0                0
                0         3.150315        29.503838                0                0                0                0                0                0
                0         3.150315        30.152274                0                0                0                0                0                0
                0         3.150315         30.80071                0                0                0                0                0                0
                0         3.150315        31.449146                0                0                0                0                0                0
                0         3.150315        32.097582                0                0                0                0                0                0
                0         3.150315        32.746018                0                0                0                0                0                0
