0	-7.3988476848964e-05	-5.0275771272239e-13
0.0051195723057179	0.0067083501982882	0.077733170295921
0.010239144611436	0.023205117050792	0.14788100238069
0.015358716917154	0.04264575949266	0.20837904836819
0.020478289222872	0.060558026755181	0.26156088714963
0.02559786152859	0.075402573446515	0.31056964809088
0.030717433834308	0.0871976748988	0.35752080586249
0.035837006140025	0.096618675595269	0.40356186393607
0.040956578445743	0.10434419315752	0.4493958733749
0.046076150751461	0.11077515654059	0.49534015084372
0.051195723057179	0.11627232075981	0.54140595688635
0.056315295362897	0.12119882742425	0.58764543122844
0.061434867668615	0.12569317121391	0.63414450510293
0.066554439974333	0.12980860665053	0.68081240868731
0.071674012280051	0.13372345236663	0.72756660247691
0.076793584585769	0.13753348657262	0.7744793919191
0.081913156891487	0.14118101216373	0.82153146134128
0.087032729197205	0.14472121851216	0.8686019889704
0.092152301502923	0.1482676766327	0.91572334322063
0.097271873808641	0.15176477572669	0.96295745898766
0.10239144611436	0.15516947553066	1.0102057736228
0.10751101842008	0.15858840361011	1.0574323852673
0.11263059072579	0.16202737365461	1.1047357102148
0.11775016303151	0.16538893709907	1.1520864475427
0.12286973533723	0.16872630824772	1.1993932162852
0.12798930764295	0.17211329349282	1.2467294143614
0.13310887994867	0.17545979739482	1.2941471639421
0.13822845225438	0.17874012868854	1.3415478206396
0.1433480245601	0.18205773180631	1.3889360249164
0.14846759686582	0.18538291661369	1.4364147928317
0.15358716917154	0.18862677144372	1.4839334399312
0.15870674147726	0.19186488069296	1.5314252364128
0.16382631378297	0.19514538895732	1.5789868054617
0.16894588608869	0.19836645918555	1.6266453972345
0.17406545839441	0.20153317370159	1.6743019726663
0.17918503070013	0.20474459768604	1.7219940825148
0.18430460300585	0.20794343353531	1.7698139243038
0.18942417531156	0.21106115843523	1.8176883173976
0.19454374761728	0.21419201482306	1.865576849071
0.199663319923	0.21735580527607	1.9135874644399
0.20478289222872	0.22044891981649	1.9617169779386
0.20990246453443	0.22350769546098	2.0098723301028
0.21502203684015	0.22661833295291	2.0581191667395
0.22014160914587	0.2297007361472	2.1065292408505
0.22526118145159	0.23271286508704	2.1550120732117
0.23038075375731	0.23575925096529	2.2035566729826
0.23550032606302	0.23882899565911	2.2522724440995
0.24061989836874	0.24182548321504	2.3011254848125
0.24573947067446	0.24481306001193	2.3500369348032
0.25085904298018	0.24785695371922	2.3990951210348
0.2559786152859	0.25086075230466	2.4483450047038
0.26109818759161	0.25381259134584	2.497686920704
0.26621775989733	0.25681787254862	2.547140994096
0.27133733220305	0.25983536552085	2.5968088818288
0.27645690450877	0.26278385049926	2.6466291216777
0.28157647681449	0.26575013113497	2.6965447320372
0.2866960491202	0.26877228782393	2.7466597619311
0.29181562142592	0.27174580259118	2.7969886739409
0.29693519373164	0.27469031485927	2.8474319423789
0.30205476603736	0.277702711326	2.8980400475831
0.30717433834308	0.28071464529222	2.9488984374191
0.31229391064879	0.28366766843026	2.999923815261
0.31741348295451	0.2866636506444	3.0510870678814
0.32253305526023	0.28970980379967	3.102499596161
0.32765262756595	0.29270269377289	3.1541443136526
0.33277219987167	0.29569220492759	3.2059313006267
0.33789177217738	0.29875806255688	3.2579379824335
0.3430113444831	0.30181054224373	3.3102264267737
0.34813091678882	0.3048195661998	3.3626992063501
0.35325048909454	0.30789334458774	3.4153587012534
0.35837006140025	0.31100720639803	3.4683145223972
0.36348963370597	0.31406809425398	3.5215196911612
0.36860920601169	0.3171522886372	3.5749026550555
0.37372877831741	0.320315105099	3.6285619609343
0.37884835062313	0.32345318644859	3.6825310347474
0.38396792292884	0.32656806649785	3.736707366291
0.38908749523456	0.32976490429844	3.7911257622362
0.39420706754028	0.33298892180961	3.845884903248
0.399326639846	0.33616600631428	3.9009122172358
0.40444621215172	0.33939262828246	3.9561618217341
0.40956578445743	0.34269447173026	4.0117456324044
0.41468535676315	0.34596361311614	4.0676655948968
0.41980492906887	0.34923375756855	4.1238237813465
0.42492450137459	0.3525977238559	4.1802855735669
0.43004407368031	0.35597506919372	4.2371303946992
0.43516364598602	0.35931769661671	4.2942667193405
0.44028321829174	0.36273418744453	4.3516795787635
0.44540279059746	0.36621786677188	4.409485231113
0.45052236290318	0.36966588807838	4.4676540389297
0.4556419352089	0.37314188531185	4.5261021675901
0.46076150751461	0.3767179544203	4.5849210659168
0.46588107982033	0.38029476310003	4.6441641547912
0.47100065212605	0.38385517719194	4.7037294479152
0.47612022443177	0.38751059761732	4.763635599858
0.48123979673749	0.39122204060745	4.8239936935519
0.4863593690432	0.39490114244457	4.88474523904
0.49147894134892	0.3986365711572	4.9458290453113
0.49659851365464	0.40247295892175	5.0073558301747
0.50171808596036	0.40630066140078	5.0693484776841
0.50683765826607	0.41013586124516	5.131704219376
0.51195723057179	0.41408304758019	5.1944752604257
0.51707680287751	0.41807380758886	5.2577583300951
0.52219637518323	0.4220426249126	5.3214715139989
0.52731594748895	0.42609602166262	5.3855831291356
0.53243551979466	0.43024668646624	5.4502146407459
0.53755509210038	0.43438435521566	5.5153565490875
0.5426746644061	0.43855804401313	5.5809153976578
0.54779423671182	0.44285599371797	5.6469740606903
0.55291380901754	0.44718591383332	5.7136069014236
0.55803338132325	0.45151171977184	5.780716312281
0.56315295362897	0.45594889145845	5.8483047208304
0.56827252593469	0.46047640577692	5.9164948031707
0.57339209824041	0.46499339652121	5.9852457672309
0.57851167054613	0.46957836740235	6.054483157861
0.58363124285184	0.47429518916983	6.1243150289256
0.58875081515756	0.47903550256744	6.1947872904885
0.59387038746328	0.48379687051663	6.2657961244198
0.598989959769	0.48869385103281	6.3373799692521
0.60410953207472	0.49367288029485	6.4096530081649
0.60922910438043	0.49865199191581	6.4825472035901
0.61434867668615	0.50373319209175	6.5560155804441
0.61946824899187	0.50894981248739	6.6301837378789
0.62458782129759	0.51418690942739	6.7050655731987
0.62970739360331	0.51947711155704	6.7805615603585
0.63482696590902	0.5249240260362	6.8567451792895
0.63994653821474	0.53044565458559	6.9337131155174
0.64506611052046	0.53598708995677	7.0113768763884
0.65018568282618	0.54166568848163	7.089723537654
0.65530525513189	0.54748062380767	7.1688871017735
0.66042482743761	0.55332076087116	7.2488488654812
0.66554439974333	0.5592522522506	7.329524315814
0.67066397204905	0.56535844930753	7.4110181826436
0.67578354435477	0.57153571179885	7.4934022030013
0.68090311666048	0.57776230328782	7.5765765331739
0.6860226889662	0.58416124129777	7.6605663959352
0.69114226127192	0.59069689233515	7.7455043694486
0.69626183357764	0.59727239568106	7.8313417425048
0.70138140588336	0.60398297711798	7.9180191120687
0.70650097818907	0.61088399725956	8.0056661728773
0.71162055049479	0.61785918010789	8.0943245980584
0.71674012280051	0.62492345768356	8.1838939787846
0.72185969510623	0.63219511693781	8.2744389811056
0.72697926741195	0.63960620102612	8.3660811429356
0.73209883971766	0.64708380131582	8.4587475074696
0.73721841202338	0.65474517723908	8.5524124649718
0.7423379843291	0.66261227865273	8.6472224606936
0.74745755663482	0.67056674292804	8.7431869422281
0.75257712894054	0.67866069593116	8.8402166688611
0.75769670124625	0.68699748746549	8.9384141593959
0.76281627355197	0.69548240358165	9.0378815018315
0.76793584585769	0.70407455343109	9.138530163832
0.77305541816341	0.71290416999441	9.2403749709739
0.77817499046912	0.72195728425075	9.3435697626707
0.78329456277484	0.73112474924818	9.4480930235564
0.78841413508056	0.74049335717825	9.5538785372206
0.79353370738628	0.75014245618001	9.66106241464
0.798653279692	0.75995891080975	9.7697210081401
0.80377285199771	0.76993962548525	9.8797613601802
0.80889242430343	0.78021749184529	9.9912428613191
0.81401199660915	0.79074342965776	10.104317231898
0.81913156891487	0.8014286841049	10.218936894297
0.82425114122059	0.81238930902964	10.335069866646
0.8293707135263	0.82367362695221	10.452879426191
0.83449028583202	0.83516066184937	10.572412934714
0.83960985813774	0.84688811579382	10.693586030632
0.84472943044346	0.85898091675628	10.816504150566
0.84984900274918	0.8713591528943	10.941308324453
0.85496857505489	0.88396467787697	11.067933511895
0.86008814736061	0.8969349964099	11.196391884666
0.86520771966633	0.91028324887667	11.326866116454
0.87032729197205	0.92389277639707	11.4593751252
0.87544686427777	0.93784208217707	11.593857399669
0.88056643658348	0.95223825401766	11.730463425941
0.8856860088892	0.96697825498811	11.869317154295
0.89080558119492	0.98204306157958	12.010348265562
0.89592515350064	0.99758219537109	12.153621294799
0.90104472580636	1.0135729992402	12.29933036075
0.90616429811207	1.0299161209549	12.447470948374
0.91128387041779	1.0467279851158	12.598019325975
0.91640344272351	1.0640898691703	12.751168170552
0.92152301502923	1.0818865112405	12.907021442421
0.92664258733494	1.1001443257193	13.065519125045
0.93176215964066	1.1190148432902	13.22678460336
0.93688173194638	1.1384431135959	13.391016758919
0.9420013042521	1.158360183894	13.558197754373
0.94712087655782	1.1789151610252	13.72835687419
0.95224044886353	1.2001586288284	13.90172540114
0.95736002116925	1.2219768638981	14.078389325397
0.96247959347497	1.244445684545	14.258317839499
0.96759916578069	1.267709432227	14.441698479365
0.97271873808641	1.291688940423	14.628731385336
0.97783831039212	1.3163583857024	14.819401326112
0.98295788269784	1.3418929878077	15.013806304255
0.98807745500356	1.3683121615526	15.212213703697
0.99319702730928	1.3955201133311	15.414700197117
0.998316599615	1.4236441190557	15.621286714088
1.0034361719207	1.452814714221	15.832230432209
1.0085557442264	1.4829417377075	16.047734898951
1.0136753165321	1.5140548727507	16.267810317392
1.0187948888379	1.5463492595011	16.49264058647
1.0239144611436	1.5798186585772	16.722530553174
1.0290340334493	1.614404399529	16.957565171601
1.034153605755	1.650286658384	17.197844424865
1.0392731780607	1.6875805689604	17.443703520052
1.0443927503665	1.7262043789241	17.69536072218
1.0495123226722	1.7662563066118	17.952883474661
1.0546318949779	1.8079484475838	18.216562803558
1.0597514672836	1.851262782193	18.48675062621
1.0648710395893	1.8962010310334	18.763570304778
1.069990611895	1.9429999864802	19.047235934326
1.0751101842008	1.9917665608249	19.338176898354
1.0802297565065	2.0424553424294	19.636652100922
1.0853493288122	2.0952497483423	19.94283120235
1.0904689011179	2.1503840254043	20.257143044132
1.0955884734236	2.2078548474082	20.580011725653
1.1007080457294	2.2677554238498	20.91164812455
1.1058276180351	2.3303911124023	21.25242974598
1.1109471903408	2.3958832655604	21.602913049154
1.1160667626465	2.4642649712492	21.963447549018
1.1211863349522	2.5358324217544	22.334372041531
1.1263059072579	2.6108648651776	22.716304237704
1.1314254795637	2.6894218007474	23.109794053127
1.1365450518694	2.7717365050752	23.515220512069
1.1416646241751	2.8582158483286	23.933201909804
1.1467841964808	2.9490476800893	24.36448856716
1.1519037687865	3.0444140402082	24.809612686807
1.1570233410923	3.1447796391504	25.269189710159
1.162142913398	3.2505297684973	25.74412001245
1.1672624857037	3.3618779858862	26.235186806341
1.1723820580094	3.4792881108231	26.74307570591
1.1775016303151	3.6033521746687	27.268781017445
1.1826212026208	3.7344389063251	27.813382462097
1.1877407749266	3.8730143182246	28.377766666201
1.1928603472323	4.0198389172185	28.963014819363
1.197979919538	4.1755535578105	29.570494289725
1.2030994918437	4.3407160703266	30.201436473939
1.2082190641494	4.5162182655818	30.857087962846
1.2133386364551	4.7030486893771	31.539078515382
1.2184582087609	4.9020214088612	32.249097569477
1.2235777810666	5.1141870679893	32.988721380927
1.2286973533723	5.3409205234949	33.759861612604
1.233816925678	5.5834959816317	34.564735640758
1.2389364979837	5.8432665198225	35.405466879872
1.2440560702895	6.1220475369898	36.284368943948
1.2491756425952	6.4217897684554	37.204245750976
1.2542952149009	6.7444330521937	38.167998070462
1.2594147872066	7.0923936633705	39.178588355789
1.2645343595123	7.4685470144034	40.239523394207
1.269653931818	7.875855033602	41.354708333154
1.2747735041238	8.3177126203143	42.528120138545
1.2798930764295	8.7982967187277	43.764222267253
1.2850126487352	9.3222179736708	45.068179733075
1.2901322210409	9.8945774801596	46.445443373037
1.2952517933466	10.521559800334	47.901883975336
1.3003713656524	11.210389325626	49.444286390826
1.3054909379581	11.969153859843	51.080111347802
1.3106105102638	12.80743155484	52.817296192019
1.3157300825695	13.736737868478	54.664787854774
1.3208496548752	14.770397448626	56.632656551309
1.3259692271809	15.924082943158	58.731693156995
1.3310887994867	17.216810499892	60.973693526569
1.3362083717924	18.671311992146	63.371867951586
1.3413279440981	20.314653972448	65.940422357128
1.3464475164038	22.179843897751	68.694329513107
1.3515670887095	24.307294389643	71.649624518205
1.3566866610153	26.746183311064	74.822874754097
1.361806233321	29.557073890531	78.229976701517
1.3669258056267	32.815339671589	81.885205521281
1.3720453779324	36.614633803042	85.799301651072
1.3771649502381	41.071705537283	89.975397069707
1.3822845225438	46.333088210528	94.403208431396
1.3874040948496	52.582368584413	99.050206141885
1.3925236671553	60.048002374119	103.84644836347
1.397643239461	69.011523076042	108.66067894717
1.4027628117667	79.811837625944	113.26427688497
1.4078823840724	92.837410215102	117.27645007543
1.4130019563781	108.49226672499	120.08570921625
1.4181215286839	127.1075284993	120.75157279103
1.4232411009896	148.75325953935	117.91222341778
1.4283606732953	172.90544170539	109.77783365216
1.433480245601	197.9836685823	94.379545703331
1.4385998179067	220.97358728766	70.290451545472
1.4437193902125	237.66173456158	37.809927134467
1.4488389625182	244.00740718339	-0.070394451271073
1.4539585348239	238.22334108348	-38.12245975882
1.4590781071296	221.88969265722	-71.028834290659
1.4641976794353	198.97356099658	-95.609099266844
1.469317251741	173.74948194382	-111.41149472696
1.4744368240468	149.34084298055	-119.80289322848
1.4795563963525	127.41608217619	-122.76117399474
1.4846759686582	108.5481806286	-122.11329591695
1.4897955409639	92.686314700644	-119.25904345945
1.4949151132696	79.501284649941	-115.16731668056
1.5000346855754	68.582953607728	-110.46870395759
1.5051542578811	59.535151538272	-105.55601448397
1.5102738301868	52.011864746206	-100.66414537123
1.5153934024925	45.724903310667	-95.927304437592
1.5205129747982	40.440507151419	-91.417201207195
1.5256325471039	35.97161568892	-87.166818929791
1.5307521194097	32.168758536298	-83.185740866453
1.5358716917154	28.912538399042	-79.470407479489
1.5409912640211	26.107870970565	-76.009826852652
1.5461108363268	23.678480139466	-72.788743695796
1.5512304086325	21.56250408281	-69.790394934121
1.5563499809382	19.70997346055	-66.998061240828
1.561469553244	18.08042816825	-64.395174835
1.5665891255497	16.640367216622	-61.965856821501
1.5717086978554	15.362062024652	-59.695723453128
1.5768282701611	14.222910621685	-57.571516249846
1.5819478424668	13.203964982124	-55.580721325969
1.5870674147726	12.289000195881	-53.712172831647
1.5921869870783	11.464637994645	-51.956019495562
1.597306559384	10.719747623349	-50.302963040712
1.6024261316897	10.044461465139	-48.744499636382
1.6075457039954	9.4303654226336	-47.273357724717
1.6126652763011	8.870640202777	-45.88281459681
1.6177848486069	8.359179627459	-44.566419854268
1.6229044209126	7.8904180346555	-43.318655991032
1.6280239932183	7.4599118446587	-42.134701785697
1.633143565524	7.0638716701093	-41.009735586902
1.6382631378297	6.698544486459	-39.939410984152
1.6433827101355	6.3607904348169	-38.920190595945
1.6485022824412	6.0482147066325	-37.94857559302
1.6536218547469	5.7583518967672	-37.021079116631
1.6587414270526	5.4888331199805	-36.134938087152
1.6638609993583	5.2380153193613	-35.287684256119
1.668980571664	5.0043814646394	-34.476579406374
1.6741001439698	4.7861389430656	-33.699291763988
1.6792197162755	4.5819758977447	-32.954056503933
1.6843392885812	4.3910091040964	-32.238852825064
1.6894588608869	4.2119913145323	-31.551635396576
1.6945784331926	4.0437435792743	-30.891010733649
1.6996980054984	3.8856955767368	-30.255606435441
1.7048175778041	3.7371251542009	-29.643686853043
1.7099371501098	3.5969849414945	-29.053972918906
1.7150567224155	3.464745809011	-28.485572131751
1.7201762947212	3.3401031850482	-27.937157488002
1.7252958670269	3.2222550151882	-27.407456126135
1.7304154393327	3.1105699595544	-26.89580811762
1.7355350116384	3.0049537033688	-26.401353691898
1.7406545839441	2.904959500924	-25.922881371112
1.7457741562498	2.8098774554577	-25.459724854958
1.7508937285555	2.7195850847027	-25.011427671703
1.7560133008612	2.6339942371503	-24.576995306414
1.761132873167	2.5524692452107	-24.155625984616
1.7662524454727	2.4746965197839	-23.747075969702
1.7713720177784	2.4008074872696	-23.350709544461
1.7764915900841	2.3304208958251	-22.965625222842
1.7816111623898	2.263021635817	-22.591551875606
1.7867307346956	2.1987340681101	-22.228235495398
1.7918503070013	2.1375181184737	-21.87484435708
1.796969879307	2.0788039502143	-21.530908038873
1.8020894516127	2.0225059236656	-21.196419849563
1.8072090239184	1.9688524447658	-20.87081707498
1.8123285962241	1.917436752974	-20.553416193319
1.8174481685299	1.8678953337564	-20.244220415173
1.8225677408356	1.8205154043343	-19.943039616191
1.8276873131413	1.7752141173544	-19.649130018857
1.832806885447	1.7314596404545	-19.362284867668
1.8379264577527	1.6893574436183	-19.082618421157
1.8430460300585	1.6491496980206	-18.809561161948
1.8481656023642	1.6103679512687	-18.542615372978
1.8532851746699	1.572797704357	-18.281979500542
1.8584047469756	1.5368310178063	-18.027437768753
1.8635243192813	1.5022877362952	-17.778311005039
1.868643891587	1.4686825916833	-17.534620449537
1.8737634638928	1.4362914726172	-17.296514697957
1.8788830361985	1.4053066238194	-17.063379607449
1.8840026085042	1.3751924786992	-16.834901078826
1.8891221808099	1.3458971679212	-16.611409992234
1.8942417531156	1.3178661978559	-16.392604438709
1.8993613254214	1.2907892529656	-16.177877203291
1.9044808977271	1.264255791251	-15.967453397425
1.9096004700328	1.238692981028	-15.761444170071
1.9147200423385	1.2141889902352	-15.559181327132
1.9198396146442	1.1901566771053	-15.3605464465
1.9249591869499	1.1667248145151	-15.165943994588
1.9300787592557	1.144339671802	-14.974945840285
1.9351983315614	1.1225443315134	-14.78704369365
1.9403179038671	1.101042564011	-14.602642934564
1.9454374761728	1.0803878262631	-14.421753880155
1.9505570484785	1.0605164498516	-14.243666618543
1.9556766207842	1.0408218587292	-14.0684753773
1.96079619309	1.0216292055333	-13.896597151203
1.9659157653957	1.00332843382	-13.727454318386
1.9710353377014	0.98531456596003	-13.560677586045
1.9761549100071	0.96745191686713	-13.396822965005
1.9812744823128	0.95038531625933	-13.235742480567
1.9863940546186	0.93385754146877	-13.076715210929
1.9915136269243	0.91728921363706	-12.920063856279
1.99663319923	0.90121097473934	-12.766151436584
2.0017527715357	0.88589379085291	-12.614243267927
2.0068723438414	0.87059824789783	-12.464158012265
2.0119919161471	0.85539899904945	-12.31656226781
2.0171114884529	0.84098478846867	-12.171097382576
2.0222310607586	0.82686977007025	-12.027078856964
2.0273506330643	0.81256212585749	-11.885068221697
2.03247020537	0.7987973478376	-11.745300375302
2.0375897776757	0.7856584966487	-11.606891638758
2.0427093499815	0.77230141658811	-11.469903920414
2.0478289222872	0.75906267382762	-11.335060365755
2.0529484945929	0.74661247455824	-11.201743667086
2.0580680668986	0.734208594153	-11.069369689887
2.0631876392043	0.7215215073118	-10.938740376604
2.06830721151	0.70947867319108	-10.809877849717
2.0734267838158	0.69789840889609	-10.681773572438
2.0785463561215	0.68587941398429	-10.554793510251
2.0836659284272	0.67407356063771	-10.429644827016
2.0887855007329	0.66305145563258	-10.305406115378
2.0939050730386	0.65179382472723	-10.181675744993
2.0990246453443	0.64022594735927	-10.059486035292
2.1041442176501	0.62943981944808	-9.9385449793037
2.1092637899558	0.61889945629131	-9.8177601565893
2.1143833622615	0.60771558840251	-9.6978698092563
2.1195029345672	0.5969140142581	-9.5794659623862
2.1246225068729	0.58685832765497	-9.461274150305
2.1297420791787	0.57623622378018	-9.3431811951535
2.1348616514844	0.56534782665573	-9.2264245621747
2.1399812237901	0.55540468242765	-9.1102642923002
2.1451007960958	0.54540103782214	-8.9935825307844
2.1502203684015	0.53455877654697	-8.8775726843278
2.1553399407072	0.52435274377766	-8.7625659337062
2.160459513013	0.51478669375552	-8.6468642805498
2.1655790853187	0.50423557405927	-8.5307867672627
2.1706986576244	0.49354846055792	-8.4157273209714
2.1758182299301	0.48398822269996	-8.3002865471484
2.1809378022358	0.47390044205834	-8.1833942863535
2.1860573745416	0.46276865687762	-8.0668150239699
2.1911769468473	0.45264252334398	-7.9503669005346
2.196296519153	0.44291298407664	-7.8317743828875
2.2014160914587	0.43158957867984	-7.7120020338272
2.2065356637644	0.42037862108945	-7.59249439513
2.2116552360701	0.41048823482073	-7.4707431779174
2.2167748083759	0.39924628149978	-7.3457754911716
2.2218943806816	0.38666248485769	-7.2201104289074
2.2270139529873	0.37566144827189	-7.092446116622
2.232133525293	0.36446766126046	-6.9593883732951
2.2372530975987	0.35049896850367	-6.8228575751613
2.2423726699045	0.33707485585049	-6.6839453374911
2.2474922422102	0.32516230451256	-6.5374464847596
2.2526118145159	0.30986651481018	-6.3819797270103
2.2577313868216	0.29230045297319	-6.2208322437309
2.2628509591273	0.2774675662797	-6.048562149927
2.267970531433	0.26031355528054	-5.8562938683207
2.2730901037388	0.23561766498037	-5.6449477327092
2.2782096760445	0.21162722122026	-5.4084711740066
2.2833292483502	0.18918480370273	-5.1154102103416
2.2884488206559	0.14622368019599	-4.7171026546686
2.2935683929616	0.039494486019184	-4.0198222821338
2.2986879652673	1.2236998208827	-3.4565755093471
2.3038075375731	1.7784924713229	-3.6452003210563
2.3089271098788	2.1414214431781	-3.8017510600119
2.3140466821845	2.3998832132313	-3.9452268891427
2.3191662544902	2.6007882746895	-4.0864870523647
2.3242858267959	2.7670215918882	-4.216993388013
2.3294053991017	2.8998675090978	-4.3348564145807
2.3345249714074	3.005046240545	-4.4484081420107
2.3396445437131	3.0935193408142	-4.5572642446828
2.3447641160188	3.1663553294062	-4.656472586664
2.3498836883245	3.221829306435	-4.7494714536229
2.3550032606302	3.2654974820454	-4.8394941384178
2.360122832936	3.3007081789185	-4.9228319320749
2.3652424052417	3.3248369956663	-4.9990738935793
2.3703619775474	3.3393243542236	-5.072017062268
2.3754815498531	3.3482613894186	-5.1406332249908
2.3806011221588	3.3506377464889	-5.20249781886
2.3857206944646	3.3451759567797	-5.2600083394504
2.3908402667703	3.335126375703	-5.314517082229
2.395959839076	3.3214221690917	-5.3635002238257
2.4010794113817	3.3020616670314	-5.4073082521245
2.4061989836874	3.2783152555833	-5.4483263110581
2.4113185559931	3.2524582988574	-5.4853035308496
2.4164381282989	3.2231367571407	-5.5169741769099
2.4215577006046	3.189843837724	-5.5453577086415
2.4266772729103	3.154864547415	-5.5709155405791
2.431796845216	3.1182626953226	-5.5917727911652
2.4369164175217	3.078568055379	-5.6087338526439
2.4420359898275	3.0370508271255	-5.6233597724724
2.4471555621332	2.9950917959129	-5.6343788549985
2.4522751344389	2.9512633136303	-5.6412070278991
2.4573947067446	2.9055392827577	-5.6455660394192
2.4625142790503	2.8597062518037	-5.6473908620613
2.467633851356	2.8133119754545	-5.645304793945
2.4727534236618	2.7652988134497	-5.640339747612
2.4778729959675	2.716997232337	-5.6334911533865
2.4829925682732	2.6690802810452	-5.6234935787173
2.4881121405789	2.6202573004267	-5.6102929142299
2.4932317128846	2.570845077091	-5.5953404413672
2.4983512851903	2.5221600400673	-5.5781549804226
2.5034708574961	2.4735053616609	-5.5578273232741
2.5085904298018	2.4242004609827	-5.5354981622566
2.5137100021075	2.3755090625371	-5.5116630047145
2.5188295744132	2.3276070828942	-5.4851883200883
2.5239491467189	2.2793761377147	-5.4563747090376
2.5290687190247	2.2314148288937	-5.4263615747066
2.5341882913304	2.1846331422528	-5.3944717980977
2.5393078636361	2.138150335005	-5.3601550406643
2.5444274359418	2.0916479914984	-5.32453572306
2.5495470082475	2.0462952748678	-5.287758594621
2.5546665805532	2.0018753911407	-5.2488289339791
2.559786152859	1.957494924852	-5.2083163066771
2.5649057251647	1.9139027936234	-5.1670376458116
2.5700252974704	1.8716552894893	-5.1242212297023
2.5751448697761	1.8298249621569	-5.0796120854634
2.5802644420818	1.7884053502163	-5.0342817333179
2.5853840143876	1.7483687618292	-4.9880513505985
2.5905035866933	1.7092544683256	-4.9401494374205
2.595623158999	1.6704030375438	-4.891280881248
2.6007427313047	1.6326532611444	-4.841976182047
2.6058623036104	1.5962143865669	-4.7914188549024
2.6109818759161	1.5602190852626	-4.7396512619536
2.6161014482219	1.5249021050041	-4.6875857328151
2.6212210205276	1.4910179193871	-4.6348222885743
2.6263405928333	1.4579519750273	-4.5808165856235
2.631460165139	1.4252863221058	-4.5263388777422
2.6365797374447	1.3938439475429	-4.4716606961613
2.6416993097505	1.3635983017994	-4.415967060391
2.6468188820562	1.3337537610042	-4.359553321055
2.6519384543619	1.3047376315244	-4.3031501130521
2.6570580266676	1.2770957913791	-4.2461842214335
2.6621775989733	1.2501013937126	-4.1883453248259
2.667297171279	1.2235823381972	-4.1304338718744
2.6724167435848	1.1983198467258	-4.0724263808249
2.6775363158905	1.1740463817578	-4.0136376509671
2.6826558881962	1.1501133254234	-3.954517878976
2.6877754605019	1.1270930452576	-3.895593691295
2.6928950328076	1.1052866340262	-3.8361978586343
2.6980146051133	1.0839498597336	-3.7762501747504
2.7031341774191	1.0631389828039	-3.7164908288437
2.7082537497248	1.0435205505861	-3.6566926332125
2.7133733220305	1.0246606611142	-3.5962848316392
2.7184928943362	1.0060924174354	-3.5358603094621
2.7236124666419	0.98844443662891	-3.4757023519596
2.7287320389477	0.97181750602071	-3.4151442812147
2.7338516112534	0.95548903728612	-3.3542909305906
2.7389711835591	0.93972429501082	-3.2937808379392
2.7440907558648	0.92503038988923	-3.2332245615501
2.7492103281705	0.91085643079649	-3.1722163096394
2.7543299004762	0.89694695017211	-3.1114064757843
2.759449472782	0.8839352639215	-3.050861264799
2.7645690450877	0.87170908304318	-2.9899476104916
2.7696886173934	0.85966408263428	-2.928951288077
2.7748081896991	0.8481885185507	-2.8683594225771
2.7799277620048	0.83763810291129	-2.8076686791966
2.7850473343106	0.82740220631234	-2.7466676647215
2.7901669066163	0.81740983290701	-2.6859875966004
2.795286478922	0.80827192329675	-2.6255111057336
2.8004060512277	0.79969396013745	-2.5646905960268
2.8055256235334	0.79120405985634	-2.5039331659736
2.8106451958391	0.78329915425426	-2.4435782754893
2.8157647681449	0.77615652158385	-2.3830465093305
2.8208843404506	0.7691522605491	-2.3223146409217
2.8260039127563	0.76240944638193	-2.2619601508002
2.831123485062	0.75644806889737	-2.2017070849616
2.8362430573677	0.7508457433187	-2.1411259966656
2.8413626296734	0.74528767414811	-2.0807103645844
2.8464822019792	0.74032239413082	-2.0206263123207
2.8516017742849	0.73594899349205	-1.9602861697751
2.8567213465906	0.73159744723965	-1.8998307793694
2.8618409188963	0.72754439172223	-1.8397533985295
2.866960491202	0.72418853213903	-1.7796504919723
2.8720800635078	0.72102290573451	-1.719230774086
2.8771996358135	0.71790084806538	-1.6590419292929
2.8823192081192	0.71537774954328	-1.5990612432917
2.8874387804249	0.71328974914827	-1.5387552370982
2.8925583527306	0.71115901031083	-1.4784025688095
2.8976779250363	0.70938207233252	-1.4183793704753
2.9027974973421	0.70820713598731	-1.3581877195699
2.9079170696478	0.70710207111742	-1.2977067325279
2.9130366419535	0.70608346385343	-1.2374698772303
2.9181562142592	0.70566570960908	-1.1773037185877
2.9232757865649	0.70554473663336	-1.1167536396825
2.9283953588707	0.70536893942467	-1.0562104553968
2.9335149311764	0.7056100108516	-0.9959000136066
2.9386345034821	0.70636821015854	-0.93529763505011
2.9437540757878	0.70711697933712	-0.87443638424618
2.9488736480935	0.70802930689747	-0.8137987701139
2.9539932203992	0.70953599688214	-0.75308323817981
2.959112792705	0.71123444625468	-0.69194485766133
2.9642323650107	0.71291069545495	-0.63084903759907
2.9693519373164	0.71507726325142	-0.56986983147347
2.9744715096221	0.71767855349819	-0.50849003654278
2.9795910819278	0.7202399181626	-0.44688841174741
2.9847106542336	0.72306617760423	-0.38546511315526
2.9898302265393	0.72647713845347	-0.32381269752244
2.994949798845	0.73000400061632	-0.26172968763035
3.0000693711507	0.73358824266253	-0.19970853585668
3.0051889434564	0.73772913666062	-0.13767200964155
3.0103085157621	0.74223348895015	-0.075154976233769
3.0154280880679	0.74671409735678	-0.012459133398596
3.0205476603736	0.75157996832196	0.050129490522491
3.0256672326793	0.75700800742229	0.11307572774279
3.030786804985	0.76251618444986	0.17643821786001
3.0359063772907	0.76819020769448	0.23973725764353
3.0410259495964	0.77448243569419	0.30318651922174
3.0461455219022	0.78108008635705	0.36716125227083
3.0512650942079	0.78771644225398	0.43126684211103
3.0563846665136	0.79485506446842	0.49535067658792
3.0615042388193	0.80253465684973	0.55990263211141
3.066623811125	0.81029014349274	0.62482677101695
3.0717433834308	0.81834500298772	0.68970182864198
3.0768629557365	0.82706356995776	0.75485387369938
3.0819825280422	0.83604892880973	0.82054118599178
3.0871021003479	0.84516718732328	0.88631604710659
3.0922216726536	0.85490126681763	0.95216528490582
3.0973412449593	0.86515031982092	1.0185546474779
3.1024608172651	0.87550722635253	1.0852564057551
3.1075803895708	0.88630741708079	1.1519386891784
3.1126999618765	0.89779858898954	1.2190080632767
3.1178195341822	0.90953878573094	1.2865879823649
3.1229391064879	0.92153332329482	1.3542169292097
3.1280586787937	0.93424361699288	1.4220197434371
3.1331782510994	0.94743789083981	1.4903962634812
3.1382978234051	0.96080556586952	1.5590177206874
3.1434173957108	0.9747574144666	1.6276616504733
3.1485369680165	0.9894105284952	1.6967779519955
3.1536565403222	1.0043165334672	1.7663546689416
3.158776112628	1.0196162072296	1.8359518738961
3.1638956849337	1.0357059942944	1.9058153655206
3.1690152572394	1.0522562850118	1.9762571770222
3.1741348295451	1.0690677712462	2.0468655548072
3.1792544018508	1.0865965503647	2.1175539487918
3.1843739741566	1.1048188463171	2.1887733662797
3.1894935464623	1.123318265581	2.2603783156199
3.194613118768	1.1423571422093	2.3319909183637
3.1997326910737	1.162237268906	2.4039583844326
3.2048522633794	1.182557810461	2.4764685090296
3.2099718356851	1.2032487775162	2.5490799837645
3.2150914079909	1.2247659103433	2.6218367918501
3.2202109802966	1.2469656464686	2.6951536853974
3.2253305526023	1.2694836354345	2.7687688822768
3.230450124908	1.2926830204577	2.8424032874919
3.2355696972137	1.3167472501041	2.9164611981475
3.2406892695194	1.3412419794374	2.991010407585
3.2458088418252	1.3662352009607	3.0656024446876
3.2509284141309	1.3921439667106	3.1404128909288
3.2560479864366	1.4186961001793	3.2157902541034
3.2611675587423	1.4456457719609	3.2913763740682
3.266287131048	1.4734029440107	3.3670050457068
3.2714067033538	1.5020258001733	3.4431258032342
3.2765262756595	1.5310930481968	3.5196585060168
3.2816458479652	1.5607785573367	3.5962051824022
3.2867654202709	1.5914471508288	3.6730470252429
3.2918849925766	1.6227356884358	3.7504332068542
3.2970045648823	1.6544962873682	3.8279542427015
3.3021241371881	1.6871884003106	3.9055766566842
3.3072437094938	1.7207325408019	3.9837255719997
3.3123632817995	1.7547402714588	4.0622137173755
3.3174828541052	1.789511877145	4.1407024901555
3.3226024264109	1.825293936917	4.2195771482525
3.3277219987167	1.8616748635053	4.2989610528556
3.3328415710224	1.8986437255291	4.3784186743769
3.3379611433281	1.9366419655051	4.4580527762811
3.3430807156338	1.975462835811	4.5382436658148
3.3482002879395	2.0148056877232	4.6186988216634
3.3533198602452	2.0550392030525	4.6991951086849
3.358439432551	2.0963033107597	4.78013988099
3.3635590048567	2.1381696905191	4.8615597955881
3.3686785771624	2.1807572360388	4.9430257442008
3.3737981494681	2.2244432226508	5.024753895022
3.3789177217738	2.2689388065687	5.1070652444107
3.3840372940795	2.3140399865282	5.1895821286832
3.3891568663853	2.3601691719642	5.2721906440154
3.394276438691	2.4073271134332	5.355341538927
3.3993960109967	2.4551172608519	5.438910696462
3.4045155833024	2.5037762486877	5.5225336383911
3.4096351556081	2.5536015647564	5.6065399498531
3.4147547279139	2.6042309311037	5.6911184070754
3.4198743002196	2.6555738192429	5.7758667906449
3.4249938725253	2.7080771324138	5.8608239893604
3.430113444831	2.7616144492181	5.9463912101302
3.4352330171367	2.8158502365972	6.0323397567073
3.4403525894424	2.8711026962969	6.1184168503852
3.4454721617482	2.9275966516233	6.2049942681165
3.4505917340539	2.9849230232417	6.2921917574915
3.4557113063596	3.0431256382978	6.3795614913112
3.4608308786653	3.1026495716836	6.467285589113
3.465950450971	3.1632606396368	6.55571272823
3.4710700232768	3.2247101553702	6.6445102137058
3.4761895955825	3.2874069964356	6.7335022806633
3.4813091678882	3.3514573914065	6.8231499342011
3.4864287401939	3.4164307447017	6.9133804752745
3.4915483124996	3.4825235797335	7.0038170269393
3.4966678848053	3.5501046814096	7.094719813659
3.5017874571111	3.6188433948276	7.1863718879916
3.5069070294168	3.6886159860255	7.2783881392749
3.5120266017225	3.7598657426043	7.3707017295813
3.5171461740282	3.832577590018	7.4637672069848
3.5222657463339	3.9063564089981	7.5574330900853
3.5273853186397	3.9815345589314	7.6513506109424
3.5325048909454	4.0583776608198	7.7458954187708
3.5376244632511	4.1365259814661	7.8412273067813
3.5427440355568	4.2159721550366	7.9369239303055
3.5478636078625	4.2971730429749	8.0330836105071
3.5529831801682	4.3799975357102	8.1300996838459
3.558102752474	4.4641429018269	8.2276956027412
3.5632223247797	4.5500317861495	8.3256521412963
3.5683418970854	4.6378303067872	8.4243732903986
3.5734614693911	4.7271560656021	8.5238992021302
3.5785810416968	4.8181469088318	8.6238349408171
3.5837006140025	4.9112526898046	8.7243537724596
3.5888201863083	5.0062189587462	8.8258184889162
3.593939758614	5.1028704994269	8.9278363321215
3.5990593309197	5.2016939532774	9.030320245449
3.6041789032254	5.302752949787	9.1336764158271
3.6092984755311	5.4056742284229	9.237839888564
3.6144180478369	5.510753780431	9.3424102109046
3.6195376201426	5.6183658459836	9.4477180798641
3.6246571924483	5.7282019765531	9.5539557944255
3.629776764754	5.8402197816909	9.66073441373
3.6348963370597	5.9549343501678	9.7680360357883
3.6400159093654	6.0723062967169	9.8762808553959
3.6451354816712	6.1920482029037	9.9852533632828
3.6502550539769	6.3145567278853	10.094642172673
3.6553746262826	6.4401250978856	10.204810979419
3.6604941985883	6.5684176060199	10.315864997586
3.665613770894	6.6995542984229	10.427352606933
3.6707333431998	6.8340578219205	10.539377475837
3.6758529155055	6.9717824590537	10.652318231131
3.6809724878112	7.112546371186	10.765811656037
3.6860920601169	7.2568237029648	10.879627123925
3.6912116324226	7.4048622086575	10.994182526522
3.6963312047283	7.5563007749038	11.10942858901
3.7014507770341	7.7114281414702	11.22490570943
3.7065703493398	7.8707196814023	11.340815447791
3.7116899216455	8.0339826504842	11.457423673093
3.7168094939512	8.2011715915538	11.574269948223
3.7219290662569	8.3728140780458	11.691230179409
3.7270486385627	8.5490634035639	11.808676133218
3.7321682108684	8.7296332753882	11.92641773076
3.7372877831741	8.9149173493107	12.04399053106
3.7424073554798	9.1054003275349	12.161674809459
3.7475269277855	9.3007694353901	12.279568280109
3.7526465000912	9.501166036834	12.39716343521
3.757766072397	9.7071917858165	12.514367220726
3.7628856447027	9.9188671190786	12.631506990868
3.7680052170084	10.135979478887	12.748230383661
3.7731247893141	10.359113257006	12.864061415511
3.7782443616198	10.588600314066	12.979333985503
3.7833639339255	10.824177355212	13.093926913014
3.7884835062313	11.066104127534	13.20722574371
3.793603078537	11.315018283019	13.319255147687
3.7987226508427	11.570811003981	13.430177485465
3.8038422231484	11.83341725095	13.539415246144
3.8089617954541	12.103500553121	13.646564198427
3.8140813677599	12.381280983166	13.751887063993
3.8192009400656	12.666521120465	13.855004468857
3.8243205123713	12.959623080707	13.955269792221
3.829440084677	13.261159034703	14.052651811788
3.8345596569827	13.570956684435	14.147145107105
3.8396792292884	13.88904594519	14.237920535963
3.8447988015942	14.216130371077	14.324611558623
3.8499183738999	14.552285713486	14.407355922437
3.8550379462056	14.897305281272	14.485439338439
3.8601575185113	15.251670221449	14.558125512876
3.865277090817	15.615828370658	14.625343253992
3.8703966631228	15.989475302828	14.686764561702
3.8755162354285	16.372769977488	14.741395540888
3.8806358077342	16.766334060041	14.78875275759
3.8857553800399	17.169978618866	14.828744785614
3.8908749523456	17.583528483863	14.860370956377
3.8959945246513	18.007444959706	14.882756808884
3.9011140969571	18.441943002466	14.895700898454
3.9062336692628	18.886455495069	14.898493599711
3.9113532415685	19.341203056505	14.889929495067
3.9164728138742	19.806472077005	14.86943016476
3.9215923861799	20.281902369477	14.836585901389
3.9267119584857	20.767029028278	14.790058256148
3.9318315307914	21.262196752261	14.728937314459
3.9369511030971	21.767088392104	14.652745062734
3.9420706754028	22.28093764642	14.560472324134
3.9471902477085	22.803611289982	14.450676289119
3.9523098200142	23.335063990165	14.322773562567
3.95742939232	23.874174959227	14.176027537703
3.9625489646257	24.420355655704	14.008928264418
3.9676685369314	24.973357240263	13.820502407006
3.9727881092371	25.532188053541	13.610230206979
3.9779076815428	26.095537447594	13.376848638625
3.9830272538485	26.662866767211	13.119039671175
3.9881468261543	27.233170514056	12.836312024449
3.99326639846	27.804811191673	12.527844067866
3.9983859707657	28.376451399588	12.192272573734
4.0035055430714	28.947145984226	11.8290245368
4.0086251153771	29.515049190837	11.437740123434
4.0137446876829	30.078116412488	11.017428722046
4.0188642599886	30.635175957152	10.567343699012
4.0239838322943	31.184260099841	10.087567721391
4.0291034046	31.722992950054	9.5778293983505
4.0342229769057	32.249470308786	9.0374864868006
4.0393425492114	32.762038483452	8.4669270935818
4.0444621215172	33.258010417586	7.8666201158214
4.0495816938229	33.735071385371	7.2365021709377
4.0547012661286	34.191359977271	6.5771601798598
4.0598208384343	34.624695624259	5.8898901007411
4.06494041074	35.032274314373	5.1755058775019
4.0700599830458	35.412213255611	4.4348320401335
4.0751795553515	35.762773539427	3.6697569717992
4.0802991276572	36.081339646801	2.8821276908893
4.0854186999629	36.366036003974	2.0732814082413
4.0905382722686	36.61559257937	1.245363452948
4.0956578445743	36.828162436097	0.40119570313606
4.1007774168801	37.001877765998	-0.45723399412581
4.1058969891858	37.136082736639	-1.3275962702854
4.1110165614915	37.229957100434	-2.2066395150501
4.1161361337972	37.282218341479	-3.0917083531597
4.1212557061029	37.29244744781	-3.9803388084774
4.1263752784086	37.261066227162	-4.8693964454939
4.1314948507144	37.187693399955	-5.7555553914697
4.1366144230201	37.072340003649	-6.6364781464343
4.1417339953258	36.916215800408	-7.5093937545514
4.1468535676315	36.720096289355	-8.3709816553202
4.1519731399372	36.484539613901	-9.2188484382322
4.157092712243	36.211153679924	-10.050856834
4.1622122845487	35.901885987425	-10.864285582197
4.1673318568544	35.55790983317	-11.656652001734
4.1724514291601	35.180875648231	-12.426541286547
4.1775710014658	34.773433457988	-13.172162845865
4.1826905737715	34.337534478429	-13.891279215773
4.1878101460773	33.874803493332	-14.582969727744
4.192929718383	33.387915174555	-15.246491821855
4.1980492906887	32.879452610917	-15.880249358057
4.2031688629944	32.35109206489	-16.483520856809
4.2082884353001	31.805189021792	-17.056342277136
4.2134080076059	31.244449168855	-17.598242610627
4.2185275799116	30.670850514396	-18.108571222935
4.2236471522173	30.086010045848	-18.587827120681
4.228766724523	29.492619377234	-19.036509630094
4.2338862968287	28.892695804601	-19.454289698307
4.2390058691344	28.287485972366	-19.841749787696
4.2441254414402	27.678996704811	-20.200032142046
4.2492450137459	27.069372748071	-20.529411894514
4.2543645860516	26.459611137797	-20.83038803936
4.2594841583573	25.850926808254	-21.104325831643
4.264603730663	25.245296093475	-21.352192935185
4.2697233029688	24.643735209621	-21.574287644774
4.2748428752745	24.046783578257	-21.771907931157
4.2799624475802	23.455887631688	-21.946514069179
4.2850820198859	22.872187095231	-22.098640178715
4.2902015921916	22.295937429088	-22.229053699975
4.2953211644973	21.727728498866	-22.339453580388
4.3004407368031	21.168813381508	-22.430785830915
4.3055603091088	20.619409394354	-22.503393635383
4.3106798814145	20.079445904406	-22.558772228327
4.3157994537202	19.549897412752	-22.598208602482
4.3209190260259	19.031145375974	-22.622053156065
4.3260385983316	18.522899015707	-22.631143387939
4.3311581706374	18.025402575171	-22.627052443589
4.3362777429431	17.539407803277	-22.61036468934
4.3413973152488	17.064502837481	-22.581332542929
4.3465168875545	16.600418282531	-22.541394730531
4.3516364598602	16.147789825546	-22.491456190832
4.356756032166	15.706635129317	-22.431583664625
4.3618756044717	15.276157814923	-22.362588579825
4.3669951767774	14.856674957163	-22.28578971624
4.3721147490831	14.448573531292	-22.201313919131
4.3772343213888	14.051091122403	-22.10936097653
4.3823538936945	13.66385186395	-22.01121632709
4.3874734660003	13.287529338199	-21.907370760514
4.392593038306	12.921664483451	-21.797642773706
4.3977126106117	12.565487629607	-21.682902463481
4.4028321829174	12.219297579186	-21.564056548756
4.4079517552231	11.883320793496	-21.440916698645
4.4130713275289	11.55653455613	-21.313700494656
4.4181908998346	11.238813870964	-21.18348481729
4.4233104721403	10.930637242866	-21.050451878832
4.428430044446	10.631413005381	-20.914250385457
4.4335496167517	10.340396068319	-20.77576267759
4.4386691890574	10.05800515609	-20.635624611843
4.4437887613632	9.7842718342423	-20.493306811957
4.4489083336689	9.5181329807742	-20.349184756459
4.4540279059746	9.259633364624	-20.204173981908
4.4591474782803	9.0092463970405	-20.058062391365
4.464267050586	8.766144543001	-19.910514227024
4.4693866228917	8.5297694865851	-19.762493479187
4.4745061951975	8.3007115731083	-19.614283764479
4.4796257675032	8.078711428188	-19.465249672694
4.4847453398089	7.8628082611302	-19.315799388559
4.4898649121146	7.6532604833942	-19.166779834906
4.4949844844203	7.4504334667333	-19.017645306242
4.5001040567261	7.2533667841761	-18.868229711449
4.5052236290318	7.0617463455613	-18.719390622274
4.5103432013375	6.8762335104188	-18.571219610751
4.5154627736432	6.6963802320108	-18.422956733393
4.5205823459489	6.5212660227234	-18.275231435686
4.5257019182546	6.3514788638799	-18.128703135212
4.5308214905604	6.1871397087365	-17.982535072987
4.5359410628661	6.0272506028768	-17.836759341918
4.5410606351718	5.871773107473	-17.692320803229
4.5461802074775	5.7214112197382	-17.548883277578
4.5512997797832	5.575402301637	-17.405758754419
4.556419352089	5.4331043342267	-17.263852531763
4.5615389243947	5.2952657952441	-17.123402349677
4.5666584967004	5.1617968531839	-16.983600419266
4.5717780690061	5.0316679589161	-16.844606295266
4.5768976413118	4.9051449256211	-16.707322894414
4.5820172136175	4.7828905376423	-16.571142763456
4.5871367859233	4.6638912327779	-16.435536088689
4.592256358229	4.5478126113358	-16.301488884425
4.5973759305347	4.4354716354245	-16.169048714518
4.6024955028404	4.3265908623745	-16.037240467685
4.6076150751461	4.2201493734153	-15.906567350119
4.6127346474519	4.1167645543349	-15.777772179359
4.6178542197576	4.0168444153963	-15.650006030635
4.6229737920633	3.9193164344599	-15.522963257345
4.628093364369	3.8240768624809	-15.397697500059
4.6332129366747	3.7320546785256	-15.273946223962
4.6383325089804	3.6426413520715	-15.150798017713
4.6434520812862	3.554993568926	-15.029005954573
4.6485716535919	3.4699723136744	-14.909105684778
4.6536912258976	3.3877499658539	-14.79001040083
4.6588107982033	3.307187671536	-14.671758285782
4.663930370509	3.2285177794095	-14.555430404981
4.6690499428147	3.1525947877937	-14.440390918079
4.6741695151205	3.0785438402556	-14.325882783021
4.6792890874262	3.0057575106235	-14.212907243023
4.6844086597319	2.9353073539737	-14.10168579647
4.6895282320376	2.867072542262	-13.991048630509
4.6946478043433	2.799876462013	-13.881361349824
4.6997673766491	2.7343124192547	-13.77361896608
4.7048869489548	2.6711035362867	-13.666866918561
4.7100065212605	2.6091199251941	-13.560583710528
4.7151260935662	2.5480862308461	-13.455979678712
4.7202456658719	2.4891761052701	-13.352884458458
4.7253652381776	2.4319051458485	-13.250145176923
4.7304848104834	2.3752138983003	-13.148499502867
4.7356043827891	2.3200259807408	-13.048692330354
4.7407239550948	2.2668369576288	-12.949558449396
4.7458435274005	2.2142921485949	-12.850884756098
4.7509630997062	2.1625260329751	-12.753947644323
4.756082672012	2.1127393122801	-12.658234708862
4.7612022443177	2.0640305831776	-12.562680708483
4.7663218166234	2.0155883587111	-12.468336944834
4.7714413889291	1.9686248421578	-12.375691944476
4.7765609612348	1.9232693917979	-12.283349963315
4.7816805335405	1.8781121341207	-12.191512186819
4.7868001058463	1.8336709715112	-12.101455595957
4.791919678152	1.7910643917488	-12.012260206123
4.7970392504577	1.7490223428513	-11.923055261989
4.8021588227634	1.7070524860037	-11.83519644627
4.8072783950691	1.666612711291	-11.748812302608
4.8123979673749	1.6273848244425	-11.662385383662
4.8175175396806	1.5879620490987	-11.576582663766
4.8226371119863	1.549351115961	-11.492520278264
4.827756684292	1.5123710796881	-11.408884366811
4.8328762565977	1.475521707511	-11.325164635406
4.8379958289034	1.4386851201706	-11.242970434814
4.8431154012092	1.4034183194361	-11.161905464604
4.8482349735149	1.3689474922271	-11.080472063515
4.8533545458206	1.3340156892651	-10.99983935826
4.8584741181263	1.3000695852024	-10.920868801498
4.863593690432	1.2675506775992	-10.841851919342
4.8687132627377	1.2347010330005	-10.762780382756
4.8738328350435	1.2019477917119	-10.685344060453
4.8789524073492	1.1708450162751	-10.608616011317
4.8840719796549	1.1400600707443	-10.531314972848
4.8891915519606	1.1086925437175	-10.455003214109
4.8943111242663	1.0785320191163	-10.380161443134
4.8994306965721	1.0495244704286	-10.304832437594
4.9045502688778	1.0197973179845	-10.229554727285
4.9096698411835	0.99039287733584	-10.156004487911
4.9147894134892	0.96262610560652	-10.082654862745
4.9199089857949	0.93473230438682	-10.008587882644
4.9250285581006	0.90621333387016	-9.9357750991812
4.9301481304064	0.87919987958445	-9.8640990836002
4.9352677027121	0.85296587909833	-9.7915283196522
4.9403872750178	0.82572522245058	-9.7192178857867
4.9455068473235	0.79912049648749	-9.6486129985356
4.9506264196292	0.77411571310902	-9.5776933375021
4.955745991935	0.74846620985366	-9.5059934178161
4.9608655642407	0.72234942390052	-9.43581712157
4.9659851365464	0.69798279461532	-9.3663468368369
4.9711047088521	0.67397268465967	-9.2955820422173
4.9762242811578	0.648746688635	-9.2254248247621
4.9813438534635	0.62457730363497	-9.1568286293184
4.9864634257693	0.60185522649726	-9.0873049234891
4.991582998075	0.57799903541991	-9.0171074849498
4.9967025703807	0.55396386381618	-8.9486602790577
5.0018221426864	0.53191864086145	-8.88034096315
5.0069417149921	0.509678144085	-8.8104304515654
5.0120612872978	0.48613813708005	-8.7415046141705
5.0171808596036	0.46418657104111	-8.6738990389725
5.0223004319093	0.44337204573964	-8.6046821279182
5.027420004215	0.42093883043331	-8.5350166579099
5.0325395765207	0.39879559769498	-8.4672907398902
5.0376591488264	0.37881842448609	-8.3989222761679
5.0427787211322	0.35795191434826	-8.3287390501543
5.0478982934379	0.33589618341612	-8.2599966489412
5.0530178657436	0.31598955526245	-8.1920907426324
5.0581374380493	0.29674635832033	-8.1218320351693
5.063257010355	0.27550202410494	-8.0514545947557
5.0683765826607	0.25509622367984	-7.9832190386012
5.0734961549665	0.23696807044523	-7.9131801304098
5.0786157272722	0.21716713932019	-7.8412594612931
5.0837352995779	0.19647050951698	-7.7712558616692
5.0888548718836	0.17854415672889	-7.7012880913326
5.0939744441893	0.1605532009856	-7.6281594158375
5.0990940164951	0.14013905710885	-7.5554680031767
5.1042135888008	0.1215778660018	-7.4845208879821
5.1093331611065	0.10506575192722	-7.4105902205897
5.1144527334122	0.08588687302381	-7.3346682574556
5.1195723057179	0.066395181587136	-7.2610815399887
