,Re,Im
100000000.0,2.9198865547641617e-13,0.9041388362685696
111823647.29458918,-1.4338530363033897e-13,1.0120500440693265
123647294.58917835,1.6092682741941644e-13,1.1203021660192027
135470941.88376755,2.395861287141088e-13,1.2289328409154598
147294589.1783567,1.1080025785759062e-13,1.3379801981709125
159118236.4729459,-7.390199563417355e-13,1.4474829100563604
170941883.7675351,2.036149027162537e-13,1.557480245449474
182765531.06212425,2.0394796962364126e-13,1.6680121252707056
194589178.3567134,-1.1329825966299722e-13,1.7791191797785628
206412825.6513026,9.592326932761353e-14,1.8908428079023043
218236472.9458918,-7.527312106958561e-14,2.00322523881425
230060120.24048096,-4.3548498140921765e-13,2.116309595927745
241883767.53507015,-5.173639294753229e-13,2.2301399635094312
253707414.8296593,-2.3503421431314564e-13,2.344761456237938
265531062.1242485,-1.2323475573339238e-14,2.4602202918059457
277354709.41883767,3.4583447217073626e-13,2.5765638669670388
289178356.7134268,9.18709552877317e-14,2.69384083717629
301002004.00801605,2.0128343436454088e-13,2.8121012002566035
312825651.3026052,4.851674617611934e-14,2.931396384295331
324649298.59719443,2.935429677108914e-13,3.0517793401740994
336472945.8917836,-2.402522625288839e-13,3.17330463911477
348296593.18637276,-1.759703494030873e-13,3.2960285755907925
360120240.4809619,1.8207657603852567e-14,3.4200092761016254
371943887.7755511,-6.17284001691587e-14,3.5453068142161692
383767535.0701403,1.7841284005726266e-13,3.6719833324533315
395591182.36472946,-1.27675647831893e-13,3.800103171489753
407414829.6593186,2.2648549702353193e-14,3.929733007353003
419238476.95390785,1.3455903058456897e-13,4.060941997192387
431062124.248497,8.715250743307479e-14,4.193801934390018
442885771.5430862,3.8624659026709196e-13,4.328387413734437
454709418.83767533,2.6434410216324977e-13,4.4647760075340335
466533066.13226455,1.0980105713542798e-13,4.603048453560264
478356713.4268537,-5.984102102729594e-14,4.743288855864513
490180360.7214429,1.4976908602193362e-13,4.885584899514338
502004008.0160321,1.234568003383174e-13,5.030028080499086
513827655.31062126,-1.87960758069039e-13,5.176713952123543
525651302.6052104,1.2434497875801753e-13,5.325742389311509
537474949.8997996,-1.9251267247000214e-13,5.477217872456158
549298597.1943889,3.89910326248355e-13,5.631249792566566
561122244.4889779,1.0746958878371515e-13,5.787952779637939
572945891.7835672,-1.1857181902996672e-13,5.94744705641202
584769539.0781564,4.574118861455645e-14,6.1098588199064485
596593186.3727455,2.760014439218139e-13,6.27532065330306
608416833.6673347,-3.4994229736184934e-13,6.44397197115574
620240480.9619238,3.4061642395499803e-13,6.615959501117823
632064128.2565131,2.156053113822054e-13,6.791437805807265
643887775.5511022,3.297362383136715e-13,6.970569848787511
655711422.8456914,-2.6356694604601216e-13,7.153527609172226
667535070.1402806,-3.4638958368304884e-14,7.340492749796324
679358717.4348698,2.1294077612310502e-13,7.5316573445575
691182364.7294589,-6.972200594645983e-14,7.727224671184417
703006012.0240481,-2.7977620220553945e-13,7.92741007641578
714829659.3186373,-2.4491519923230953e-13,8.132441921526311
726653306.6132264,5.728750807065808e-13,8.342562617023125
738476953.9078157,1.0658141036401503e-13,8.558029756591644
750300601.2024049,-1.6564527527407336e-13,8.779117361556509
762124248.496994,-4.4497738826976274e-13,9.006117248748128
773947895.7915832,5.74207348336131e-13,9.239340536266997
785771543.0861723,1.4876988529977098e-13,9.4791193037353
797595190.3807615,-2.402522625288839e-13,9.725808425877172
809418837.6753507,-4.298783551348606e-13,9.979787600943393
821242484.96994,1.4654943925052066e-14,10.241463598649046
833066132.2645291,-4.929390229335695e-14,10.511272755853309
844889779.5591183,-2.1094237467877974e-13,10.7896837525095
856713426.8537074,1.474376176702208e-13,11.077200705329183
868537074.1482966,-2.6645352591003757e-14,11.374366622474035
880360721.4428858,-3.157474282033945e-13,11.681767269415712
892184368.7374749,-5.6710192097853e-13,12.000035504306751
904008016.0320642,-1.9273471707492718e-13,12.329856150753397
915831663.3266534,-3.5571545708990016e-13,12.671971487455266
927655310.6212425,2.042810365310288e-14,13.02718744776168
939478957.9158317,-5.568878691519785e-13,13.396380638728221
951302605.2104208,1.3589129821411916e-13,13.780506308903465
963126252.50501,4.3520742565306136e-14,14.18060741796944
974949899.7995992,-6.306066779870889e-13,14.597824990256553
986773547.0941885,-3.6504133049675147e-13,15.033409969330517
998597194.3887776,3.810285420513537e-13,15.488736833899576
1010420841.6833668,3.1530333899354446e-13,15.96531928816674
1022244488.9779559,-1.2256862191861728e-13,16.46482840499076
1034068136.2725451,-5.32018873400375e-13,16.989113681262108
1045891783.5671343,-5.693223670277803e-13,17.540227565897716
1057715430.8617234,6.572520305780927e-13,18.120454147570154
1069539078.1563127,-4.707345624410664e-14,18.73234284924468
1081362725.450902,-1.1901590823981678e-13,19.378748179599054
1093186372.745491,-8.615330671091215e-14,20.062876850861148
1105010020.04008,1.5720758028692217e-13,20.788343906525842
1116833667.3346694,4.911626660941693e-13,21.559239935219637
1128657314.6292586,-2.948752353404416e-13,22.3802120124158
1140480961.9238477,-9.752199048307375e-13,23.25656175647645
1152304609.218437,-7.904787935331115e-13,24.194364875110786
1164128256.5130262,1.900701818158268e-13,25.200617905638534
1175951903.8076153,5.417888360170764e-13,26.283419650468737
1187775551.1022043,1.1901590823981678e-13,27.452197271134487
1199599198.3967936,-1.4921397450962104e-13,28.71799041392542
1211422845.691383,-7.229772336359019e-13,30.093811521461028
1223246492.985972,-9.07718344933528e-13,31.5951072787031
1235070140.2805612,-3.588240815588506e-13,33.240355937266784
1246893787.5751503,6.927791673660977e-14,35.051849606895686
1258717434.8697395,-1.035616037370346e-12,37.056731973851925
1270541082.1643286,1.55964130499342e-12,39.288394345947694
1282364729.4589179,9.272582701669307e-13,41.78838319242533
1294188376.7535071,5.435651928564766e-13,44.609052038960556
1306012024.0480962,-5.080380560684716e-13,47.81732016059856
1317835671.3426855,-3.801403636316536e-13,51.50011728725086
1329659318.6372745,-4.085620730620576e-13,55.77246794733821
1341482965.9318638,2.5934809855243657e-13,60.78983969696786
1353306613.2264528,1.1652900866465643e-12,66.76763179101131
1365130260.521042,-8.739675649849232e-13,74.01313524765075
1376953907.8156314,-7.887024366937112e-13,82.98038689213772
1388777555.1102204,4.618527782440651e-13,94.3696442626865
1400601202.4048097,1.0516032489249483e-12,109.32046902178524
1412424849.6993988,2.0179413695586845e-12,129.82030456805563
1424248496.993988,1.0516032489249483e-12,159.67325846062357
1436072144.288577,1.8900436771218665e-12,207.19064601403676
1447895791.5831664,-1.3926637620897964e-12,294.67578807211044
1459719438.8777556,1.5916157281026244e-12,509.26643608224373
1471543086.1723447,-5.5706550483591855e-12,1865.056418893449
1483366733.466934,-1.1141310096718371e-11,-1124.6360293364226
1495190380.761523,-1.3073986337985843e-12,-432.3590419981695
1507014028.0561123,2.9558577807620168e-12,-267.7080159953661
1518837675.3507013,1.3500311979441904e-12,-193.90437091889507
1530661322.6452906,1.1368683772161603e-13,-152.0070283735023
1542484969.93988,-1.8332002582610585e-12,-124.9961375695876
1554308617.234469,1.1723955140041653e-12,-106.12955652853941
1566132264.5290582,-2.2026824808563106e-13,-92.20247192566895
1577955911.8236473,4.902744876744691e-13,-81.49653182767435
1589779559.1182365,-1.0160761121369433e-12,-73.00757618539345
1601603206.4128256,-1.3855583347321954e-12,-66.10951417945284
1613426853.7074149,3.481659405224491e-13,-60.39169938411544
1625250501.0020041,3.765876499528531e-13,-55.57359819006584
1637074148.2965932,-4.405364961712621e-13,-51.45703822281951
1648897795.5911825,-1.2008172234345693e-12,-47.89804849799503
1660721442.8857715,-4.156675004196586e-13,-44.78951364228545
1672545090.1803608,-9.130474154517287e-13,-42.05008860881348
1684368737.4749498,3.730349362740526e-13,-39.61688730377195
1696192384.769539,-1.1013412404281553e-13,-37.44052666181123
1708016032.0641284,-3.232969447708456e-13,-35.48168596403833
1719839679.3587174,-3.907985046680551e-13,-33.70866710632723
1731663326.6533067,2.4158453015843406e-13,-32.09563179262477
1743486973.9478958,1.9184653865522705e-13,-30.621306205107967
1755310621.242485,-1.7763568394002505e-14,-29.268014629842607
1767134268.537074,7.105427357601002e-15,-28.02094851973636
1778957915.8316634,-6.288303211476887e-13,-26.867606673006783
1790781563.1262527,1.1723955140041653e-13,-25.79736153209926
1802605210.4208417,1.9539925233402755e-13,-24.801119637868435
1814428857.715431,1.1723955140041653e-13,-23.87105320663497
1826252505.01002,-2.2026824808563106e-13,-23.00038601650131
1838076152.3046093,1.8474111129762605e-13,-22.183221180241016
1849899799.5991983,1.8118839761882555e-13,-21.414401523042905
1861723446.8937876,-2.4868995751603507e-13,-20.689395557568254
1873547094.188377,-2.2737367544323206e-13,-20.00420371379473
1885370741.482966,3.943512183468556e-13,-19.3552807128286
1897194388.7775552,4.760636329592671e-13,-18.73947089378857
1909018036.0721443,-2.5934809855243657e-13,-18.153953995931175
1920841683.3667336,2.0605739337042905e-13,-17.596199424504135
1932665330.6613226,1.8474111129762605e-13,-17.06392743127522
1944488977.9559119,1.8829382497642655e-13,-16.555075950172263
1956312625.2505012,0.0,-16.067772067413834
1968136272.5450902,-4.973799150320701e-14,-15.600307290233648
1979959919.8396795,-4.618527782440651e-14,-15.151115920688287
1991783567.1342685,-9.237055564881302e-14,-14.718755949639522
2003607214.4288578,-7.105427357601002e-15,-14.301891966908574
2015430861.7234468,2.842170943040401e-14,-13.89927964064726
2027254509.0180361,-1.3145040611561853e-13,-13.509751354366747
2039078156.3126254,6.039613253960852e-14,-13.132202604047862
2050901803.6072145,-1.8118839761882555e-13,-12.765578748569615
2062725450.9018037,-1.0302869668521453e-13,-12.408861670046221
2074549098.1963928,-1.1368683772161603e-13,-12.061055828469321
2086372745.490982,-9.237055564881302e-14,-11.721173073865291
2098196392.785571,-8.881784197001252e-14,-11.38821538655652
2110020040.0801604,-2.4868995751603507e-13,-11.061154415290986
2121843687.3747497,7.460698725481052e-14,-10.738906212057794
2133667334.6693387,-2.3092638912203256e-13,-10.420298815724589
2145490981.963928,-8.171241461241152e-14,-10.104029127940686
2157314629.2585173,3.552713678800501e-14,-9.78860351554432
2169138276.5531063,6.750155989720952e-14,-9.472253123964471
2180961923.8476954,7.105427357601002e-14,-9.152808731557293
2192785571.1422844,1.7763568394002505e-14,-8.827508485219946
2204609218.436874,-2.5224267119483557e-13,-8.492689217597245
2216432865.731463,-2.1316282072803006e-13,-8.143264424841753
2228256513.0260525,1.0658141036401503e-14,-7.771783413139477
2240080160.3206415,-9.947598300641403e-14,-7.36659193310974
2251903807.6152306,6.750155989720952e-14,-6.907821886177105
2263727454.9098196,-5.3290705182007514e-14,-6.3571660987478475
2275551102.2044086,3.907985046680551e-14,-5.6243643632738145
2287374749.498998,-1.1723955140041653e-13,-4.3833574135177455
2299198396.793587,3.2484349338504117,-2.1769306694296553
2311022044.0881763,4.785479341982594,-4.30174713084835
2322845691.382766,4.9963597633564305,-5.618081493895204
2334669338.677355,4.8559569858064044,-6.469212657005659
2346492985.971944,4.595919257045772,-7.030152198987846
2358316633.266533,4.298421621078635,-7.399324583907804
2370140280.5611224,3.996957615976786,-7.636211435331401
2381963927.8557115,3.7058458281328406,-7.778791092051879
2393787575.1503005,3.4310199767139213,-7.852385087457829
2405611222.44489,3.174521209764121,-7.874475486850466
2417434869.739479,2.936534692547701,-7.85748224463989
2429258517.034068,2.716367985149546,-7.810441449649607
2441082164.328657,2.5129392626163956,-7.740060117772359
2452905811.6232467,2.3250259799757096,-7.65140168305453
2464729458.9178357,2.1513917063067307,-7.5483444867551075
2476553106.2124248,1.9908492230120007,-7.433896198214683
2488376753.5070143,1.8422896917861191,-7.310414213157333
2500200400.8016033,1.7046936550240925,-7.17976316323881
2512024048.0961924,1.577132397102944,-7.043429433802885
2523847695.3907814,1.458764353095554,-6.902605713803663
2535671342.685371,1.3488291603347173,-6.75825428784016
2547494989.97996,1.2466407878724066,-6.611155008823773
2559318637.274549,1.1515805258239875,-6.461942071690184
2571142284.5691385,1.0630902458790912,-6.311132492902884
2582965931.8637276,0.9806661333457227,-6.15914837347623
2594789579.1583166,0.9038529717807355,-6.006334451607065
2606613226.4529057,0.8322389949746247,-5.852972050076624
2618436873.747495,0.7654512855342523,-5.699290238610667
2630260521.042084,0.7031516816957346,-5.545474826271558
2642084168.3366733,0.6450331466309023,-5.391675649645507
2653907815.631263,0.5908165529816514,-5.238012512682176
2665731462.925852,0.5402478369575252,-5.08458005240061
2677555110.220441,0.49309547954679833,-4.931451743380935
2689378757.51503,0.4491482762565402,-4.778683207624611
2701202404.8096194,0.40821336087344906,-4.626314960966615
2713026052.1042085,0.37011445263240494,-4.474374700043647
2724849699.3987975,0.3346902998549328,-4.3228792127555105
2736673346.693387,0.301793296413595,-4.171835978741333
2748496993.987976,0.2712882503653409,-4.0212445134999495
2760320641.282565,0.2430512866919684,-3.871097499623752
2772144288.577154,0.2169688684098765,-3.7213817405258336
2783967935.8717437,0.19293692230640813,-3.572078965607445
2795791583.1663327,0.17086005731465448,-3.423166510622552
2807615230.460922,0.15065086506960867,-3.27461789284117
2819438877.7555113,0.13222929350421952,-3.126403297220975
2831262525.0501003,0.11552208549799248,-2.9784899870477446
2843086172.3446894,0.10046227559010945,-2.8308426502608928
2854909819.6392784,0.0869887386371424,-2.6834236908377314
2866733466.933868,0.07504578505756276,-2.5361934730757287
2878557114.228457,0.06458279795593924,-2.3891105253716285
2890380761.523046,0.055553908008457276,-2.2421317090505775
2902204408.8176355,0.04791770248359073,-2.0952123569118735
2914028056.1122246,0.04163696522373439,-1.9483063854606373
2925851703.4068136,0.03667844480037269,-1.8013663841598666
2937675350.7014027,0.033012648390954136,-1.654343684537357
2949498997.995992,0.030613659245485314,-1.5071884115500258
2961322645.290581,0.02945897585592222,-1.3598495192349997
2973146292.5851703,0.029529371209404853,-1.212274812369367
2984969939.87976,0.03080877069200111,-1.0644109555993477
2996793587.174349,0.03328414742887409,-0.9162034712636906
3008617234.468938,0.036945433998265165,-0.7675967269413732
3020440881.763527,0.0417854496318224,-0.6185339136000538
3032264529.0581164,0.04779984214825672,-0.4689570150562035
3044088176.3527055,0.054987044004140895,-0.31880676934314944
3055911823.6472945,0.06334824197739009,-0.16802262247089694
3067735470.941884,0.07288736009765395,-0.016542674966718796
3079559118.236473,0.08361105556926285,0.1356963785087517
3091382765.531062,0.09552872752745567,0.28875931623706763
3103206412.825651,0.10865253856878121,0.44271246305601597
3115030060.1202407,0.12299744910748822,0.597623770408624
3126853707.4148297,0.13858126470508114,0.7535629027920623
3138677354.709419,0.15542469661645741,0.9106013305986012
3150501002.0040083,0.1735514359046142,1.0688124294114272
3162324649.2985973,0.19298824158760775,1.2282715858360094
3174148296.5931864,0.21376504336860758,1.3890563100039994
3185971943.8877754,0.23591505964074488,1.551246354901739
3197795591.182365,0.2594749315653322,1.7149238427281817
3209619238.476954,0.2844848741498174,1.8801733984959839
3221442885.771543,0.3109888454023362,2.0470822911320843
3233266533.0661325,0.3390347347756717,2.21574058234395
3245090180.3607216,0.3686745722943492,2.386241283552549
3256913827.6553106,0.3999647599104308,2.558680521192295
3268737474.9498997,0.4329663268647028,2.733157710714196
3280561122.244489,0.46774521101116795,2.909775739613976
3292384769.539078,0.5043725683198623,3.0886411598350154
3304208416.8336673,0.5429251130365578,3.2698643898694084
3316032064.128257,0.5834854912543701,3.4535599268932824
3327855711.422846,0.6261426910023928,3.639846569242126
3339679358.717435,0.6709924922921426,3.8288476494950343
3351503006.012024,0.71813796099451,4.02069127841799
3363326653.3066134,0.7676899908458656,4.215510599927173
3375150300.6012025,0.8197678984194092,4.4134440571675615
3386973947.8957915,0.8745000764409507,4.61463566970126
3398797595.190381,0.9320247114883615,4.819235321648771
3410621242.48497,0.9924905728232116,5.027399060468862
3422444889.779559,1.056057879921413,5.239289405828422
3434268537.074148,1.1228992571794008,5.455075667756299
3446092184.3687377,1.193200785302075,5.674934272913116
3457915831.6633267,1.2671631600531361,5.899049097410623
3469739478.957916,1.3450029703470872,6.1276118040585175
3481563126.2525053,1.4269541091681348,6.360822181298584
3493386773.5470943,1.513269332464115,6.5988884802654235
3505210420.8416834,1.604221983073713,6.842027745450906
3517034068.1362724,1.7001078989006593,7.090466133232561
3528857715.430862,1.801247526975044,7.344439211064941
3540681362.725451,1.9079882677970268,7.604192228309045
3552505010.02004,2.0207070774753344,7.869980347474053
3564328657.3146296,2.139813358691225,8.142068821930232
3576152304.6092186,2.265752175485914,8.420733102815154
3587975951.9038076,2.399007831348099,8.706258853805629
3599799599.1983967,2.540107855116416,8.998941847409215
3611623246.492986,2.689627444851797,9.299087710350776
3623446893.7875752,2.848194426158697,9.60701147808446
3635270541.0821643,3.016494788448769,9.923036909291705
3647094188.376754,3.1952788704292736,10.24749549990527
3658917835.671343,3.385368274610025,10.580725122326138
3670741482.965932,3.5876635999100266,10.923068198440752
3682565130.260521,3.8031530913621214,11.274869294066221
3694388777.5551105,4.032922316352883,11.636471996661221
3706212424.8496995,4.278164987486873,12.00821490638678
3718036072.1442885,4.5401950626188405,12.390426531551148
3729859719.438878,4.820460262105931,12.783418831413666
3741683366.733467,5.120557150894094,13.187479090224697
3753507014.028056,5.44224793709773,13.602859733749757
3765330661.322645,5.787479137015236,14.029765610404363
3777154308.6172347,6.15840224583526,14.468338149938601
3788977955.9118237,6.557396529058444,14.918635679227489
3800801603.206413,6.987094005457518,15.380609012408703
3812625250.5010023,7.450406619251698,15.854071236065222
3824448897.7955914,7.950555484621299,16.338660373835342
3836272545.0901804,8.49110191261617,16.833793333433462
3848096192.3847694,9.075979675495628,17.3386092082728
3859919839.679359,9.709527595025246,17.851899624202787
3871743486.973948,10.396521016877884,18.372023392885524
3883567134.268537,11.142199997447005,18.896802270254913
3895390781.5631266,11.952291010033157,19.42339415030056
3907214428.8577156,12.833017583908617,19.948139606090955
3919038076.1523046,13.791093412293744,20.466377417187317
3930861723.4468937,14.833688978183957,20.972224752911032
3942685370.741483,15.96835952063574,21.458318263242415
3954509018.0360723,17.202918091680875,21.915513841778868
3966332665.3306613,18.54523250397367,22.332545821892904
3978156312.625251,20.002919279155332,22.69565162275942
3989979959.91984,21.58290173898354,22.988176400023136
4001803607.214429,23.290794160583022,23.1901853208232
4013627254.509018,25.13007136551216,23.278129983848793
4025450901.8036075,27.100986452116153,23.22464122080116
4037274549.0981965,29.199213503425494,22.998552899786635
4049098196.3927855,31.41422363206786,22.565297777460593
4060921843.687375,33.72745925516233,21.88784984093992
4072745490.981964,36.11045921596566,20.928404168499707
4084569138.276553,38.523206195514405,19.650963226321686
4096392785.571142,40.91310378665527,18.024909435909002
4108216432.8657317,43.21510710014395,16.0294614405477
4120040080.1603208,45.3535646832664,13.658628953619104
4131863727.45491,47.24620118320004,10.925936038264101
4143687374.7494993,48.81031708262759,7.867877326188765
4155511022.0440884,49.97071380992372,4.5449645555321645
4167334669.3386774,50.66820163783447,1.039468127645911
4179158316.6332664,50.86706364412232,-2.5503884958003056
4190981963.927856,50.5598019806993,-6.119107762264832
4202805611.222445,49.768012197543676,-9.56394547063865
4214629258.517034,48.53918538851071,-12.79434106199838
4226452905.8116236,46.940265649609785,-15.73900835479678
4238276553.1062126,45.04949210965062,-18.34967246576832
4250100200.4008017,42.948209238155265,-20.601364501147017
4261923847.6953907,40.71398337927186,-22.489950189493523
4273747494.98998,38.41575443647097,-24.027960731343192
4285571142.2845693,36.11114616112738,-25.239804703031215
4297394789.579159,33.84563019397029,-26.157197597191235
4309218436.873748,31.65303565820441,-26.815312681945432
4321042084.168337,29.556875961826968,-27.249854660655437
4332865731.462926,27.572052067553262,-27.495043695682476
4344689378.757515,25.706618413307645,-27.582378265947295
4356513026.052105,23.963419444647826,-27.540000692698136
4368336673.346693,22.341500625187507,-27.392491605804967
4380160320.641283,20.837263426962753,-27.16094566302182
4391983967.935872,19.445373219326775,-26.863214491649607
4403807615.230461,18.159449064340727,-26.5142350886848
4415631262.52505,16.972571870205176,-26.126388793441784
4427454909.819639,15.877647406124394,-25.709856447288008
4439278557.114228,14.867656981315099,-25.272950006294575
4451102204.408817,13.93582341932099,-24.822410782542793
4462925851.703407,13.075714613592444,-24.363670843508718
4474749498.997996,12.281302082043888,-23.901077931386467
4486573146.292585,11.546987807307765,-23.438086390254036
4498396793.587174,10.867609299385526,-22.977417608966945
4510220440.881763,10.238430185306242,-22.521193823040385
4522044088.1763525,9.65512161009225,-22.071049054104186
4533867735.470942,9.113738210625721,-21.62822068615678
4545691382.765532,8.610691293279377,-21.193624800217872
4557515030.060121,8.142721017305222,-20.767917983243322
4569338677.35471,7.706868785555118,-20.35154793303548
4581162324.649299,7.300450614288923,-19.944794819135204
4592985971.943888,6.921031949940955,-19.547805039055916
4604809619.238477,6.566404188954461,-19.160618731776474
4616633266.533066,6.234563011776257,-18.78319217426546
4628456913.827656,5.9236885450566374,-18.415415988141337
4640280561.122245,5.632127303191106,-18.057129917963856
4652104208.416834,5.358375821484901,-17.70813480537886
4663927855.711423,5.101065871138815,-17.36820227015725
4675751503.006012,4.858951135611521,-17.03708251611232
4687575150.300601,4.630895225032992,-16.714510603575388
4699398797.59519,4.4158609074507735,-16.400211467612593
4711222444.88978,4.212900440992638,-16.093903910053715
4723046092.184369,4.021146898145292,-15.795303751582997
4734869739.478958,3.839806381414557,-15.50412629595082
4746693386.773547,3.668151038040029,-15.220088230353488
4758517034.068136,3.505512789754566,-14.942909063110317
4770340681.362725,3.351277701598761,-14.67231218090421
4782164328.657314,3.204880921320088,-14.408025592386101
4793987975.951904,3.0658021278819847,-14.149782412110127
4805811623.246493,2.9335614339687206,-13.897321128169514
4817635270.541082,2.8077156931883493,-13.650385688004867
4829458917.835671,2.6878551678644973,-13.408725429376814
4841282565.13026,2.573600517981169,-13.17209487707068
4853106212.4248495,2.4646000759763496,-12.940253420331858
4864929859.719439,2.360527375742831,-12.712964881019788
4876753507.014029,2.261078907395275,-12.489996977876709
4888577154.308618,2.165972072155144,-12.271120687866723
4900400801.603207,2.0749433140946927,-12.056109501114719
4912224448.897796,1.9877464075094835,-11.844738561262872
4924048096.192385,1.9041508803412555,-11.636783677906639
4935871743.486974,1.8239405553714674,-11.432020191767293
4947695390.781563,1.7469121918398924,-11.230221666095032
4959519038.076153,1.6728742106672074,-11.031158368931536
4971342685.370742,1.6016454865360314,-10.834595499600738
4983166332.665331,1.5330541896489223,-10.640291098231499
4994989979.95992,1.466936658881429,-10.447993557887685
5006813627.254509,1.4031362861277792,-10.257438633110931
5018637274.549098,1.341502388638272,-10.06834580363941
5030460921.843687,1.281889041627755,-9.880413803623142
5042284569.138277,1.2241538368708538,-9.69331505881258
5054108216.432866,1.1681565234334084,-9.506688677516493
5065931863.727455,1.1137574727833082,-9.32013150113411
5077755511.022044,1.0608158900910176,-9.133186513539265
5089579158.316633,1.009187663167804,-8.945327597776018
5101402805.611222,0.9587226945077045,-8.755939150218303
5113226452.905811,0.9092614909320424,-8.564288307809287
5125050100.200401,0.8606306729833104,-8.369486319977836
5136873747.49499,0.8126368833600583,-8.170433547161512
5148697394.789579,0.7650582661115273,-7.965739008300531
5160521042.084168,0.7176321507753158,-7.753598950996336
5172344689.378757,0.6700365929676764,-7.531606639730139
5184168336.6733465,0.621861527048603,-7.296440747454277
5195991983.967936,0.5725613809422399,-7.043325831466987
5207815631.262526,0.5213722714256903,-6.7650301176393075
5219639278.557115,0.4671551996760286,-6.449822475727775
5231462925.851704,0.40806443716055796,-6.076730986894329
5243286573.146293,0.34072017168207935,-5.602140328318205
5255110220.440882,0.25745380538284834,-4.90585944969375
5266933867.735471,0.12435432089457521,-3.0721011433089433
5278757515.03006,2.9764960595205316,-3.2793837303351427
5290581162.32465,3.6976780895029364,-4.083060889742437
5302404809.619239,4.015522348069972,-4.711225764205609
5314228456.913828,4.145068844000193,-5.212437432474458
5326052104.208417,4.168855377065276,-5.61651224501848
5337875751.503006,4.128084236057063,-5.943660772662852
5349699398.797595,4.046221170031943,-6.208415935954416
5361523046.092184,3.937747673241052,-6.421660642793611
5373346693.386774,3.812093835506502,-6.5917928724010535
5385170340.681363,3.675636718316394,-6.725445587278008
5396993987.975952,3.5328074887330825,-6.827956020175035
5408817635.270541,3.3867456741492354,-6.903684571770688
5420641282.56513,3.2397056758033616,-6.956238899588399
5432464929.859719,3.0933196981816415,-6.988635816954792
5444288577.154308,2.9487734891298762,-7.003421036611661
5456112224.448898,2.8069270580764725,-7.002759535222723
5467935871.743487,2.668399530563292,-6.98850494848943
5479759519.038076,2.533629973153449,-6.962253684983553
5491583166.332665,2.402921730656484,-6.9253876981580955
5503406813.6272545,2.2764752142161626,-6.879108702403689
5515230460.921844,2.1544124517077226,-6.824465840139055
5527054108.216433,2.036795667900095,-6.762378270065906
5538877755.511023,1.9236414761636107,-6.693653769758331
5550701402.805612,1.8149318037232476,-6.619004176634834
5562525050.100201,1.7106223583302747,-6.539058296266198
5574348697.39479,1.6106492259457657,-6.454372763583395
5586172344.689379,1.514934035025171,-6.365441235803007
5597995991.983968,1.4233880128048422,-6.272702215478698
5609819639.278557,1.3359151791383166,-6.176545740867585
5621643286.573147,1.252414864884341,-6.077319133694271
5633466933.867736,1.1727836984521995,-5.9753319578446344
5645290581.162325,1.0969171716434754,-5.870860313871157
5657114228.456914,1.0247108713828375,-5.764150571569036
5668937875.751503,0.9560614452611809,-5.655422624899507
5680761523.046092,0.8908673544442105,-5.544872739090861
5692585170.340681,0.8290294564384304,-5.432676048125421
5704408817.635271,0.770451451538996,-5.318988751350477
5716232464.92986,0.7150402200480728,-5.2039500502433444
5728056112.224449,0.6627060720131412,-5.087683860006322
5739879759.519038,0.6133629270182637,-4.970300325436655
5751703406.813627,0.5669284382178368,-4.851897166160121
5763527054.108216,0.5233240721028387,-4.732560872701388
5775350701.402805,0.48247515336066926,-4.612367771816412
5787174348.697395,0.4443108824443691,-4.491384976969849
5798997995.991984,0.40876433207275253,-4.369671237676565
5810821643.286573,0.3757724277514699,-4.2472776995976504
5822645290.581162,0.34527591648517464,-4.124248585740837
5834468937.8757515,0.31721932710089285,-4.000621807768934
5846292585.170341,0.2915509249934135,-3.876429515307338
5858116232.46493,0.2682226636098015,-3.7516985901500424
5869939879.75952,0.24719013457166517,-3.6264510914378163
5881763527.054109,0.2284125180205121,-3.500704657157789
5893587174.348698,0.2118525344814423,-3.3744728666829573
5905410821.643287,0.19747639933375982,-3.247765568540392
5917234468.937876,0.18525378079289972,-3.1205891771186964
5929058116.232465,0.17515776215568435,-2.992946941623322
5940881763.527054,0.16716480896229768,-2.8648391902336465
5952705410.821644,0.1612547416097525,-2.736263552105864
5964529058.116233,0.15741071390386868,-2.6072151596040753
5976352705.410822,0.15561919795921147,-2.4776868328968895
5988176352.705411,0.15586997582457313,-2.347669248874213
6000000000.0,0.15815613817296148,-2.2171510961431506
